# This file was generated by Animated Java via MC-Build. It is not recommended to edit this file directly.
$data merge entity $(bone_left_leg) { transformation: [-1f,0f,1.2246467991473532e-16f,0.11875f,0f,1f,0f,0.75f,-1.2246467991473532e-16f,0f,-1f,1.4542680739874818e-17f,0f,0f,0f,1f], start_interpolation: 0, interpolation_duration: 1 }
$data merge entity $(bone_right_leg) { transformation: [-1f,0f,1.2246467991473532e-16f,-0.11875f,0f,1f,0f,0.75f,-1.2246467991473532e-16f,0f,-1f,-1.4542680739874818e-17f,0f,0f,0f,1f], start_interpolation: 0, interpolation_duration: 1 }
$data merge entity $(item_display_mainhand) { transformation: [0.033640904214061164f,0.04009166845522498f,0.9986295347545738f,-0.40435332130881685f,0.6419066916072733f,0.7649946058332318f,-0.05233595624294366f,0.8165418839657362f,-0.7660444431189781f,0.6427876096865393f,1.2229684632711994e-16f,0.43749999999999994f,0f,0f,0f,1f], start_interpolation: 0, interpolation_duration: 1 }
$data merge entity $(bone_right_arm) { transformation: [-0.9986295347545738f,0.05233595624294383f,1.2246467991473532e-16f,-0.3125f,0.05233595624294383f,0.9986295347545738f,0f,1.375f,-1.2229684632711994e-16f,6.4093061293237094e-18f,-1f,-3.827021247335479e-17f,0f,0f,0f,1f], start_interpolation: 0, interpolation_duration: 1 }
$data merge entity $(bone_left_arm) { transformation: [-0.9986295347545738f,-0.05233595624294383f,1.2246467991473532e-16f,0.3125f,-0.05233595624294383f,0.9986295347545738f,0f,1.375f,-1.2229684632711994e-16f,-6.4093061293237094e-18f,-1f,3.827021247335479e-17f,0f,0f,0f,1f], start_interpolation: 0, interpolation_duration: 1 }
$data merge entity $(bone_head1) { transformation: [-1f,0f,1.2246467991473532e-16f,0f,0f,1f,0f,1.5f,-1.2246467991473532e-16f,0f,-1f,0f,0f,0f,0f,1f], start_interpolation: 0, interpolation_duration: 1 }
$data merge entity $(bone_body) { transformation: [-1f,0f,1.2246467991473532e-16f,0f,0f,1f,0f,0.75f,-1.2246467991473532e-16f,0f,-1f,0f,0f,0f,0f,1f], start_interpolation: 0, interpolation_duration: 1 }
data modify entity @s data merge value {"locators":{"head":{"posx":0,"posy":1.5,"posz":0,"roty":0,"rotx":0}},"cameras":{}}