# This file was generated by Animated Java via MC-Build. It is not recommended to edit this file directly.
$data merge entity $(bone_right_arm) { transformation: [-0.9982485340845585f,0.05650759301910928f,0.017514454864964574f,-0.3125f,0.05915965008373671f,0.9534982342885716f,0.29553553595218623f,1.375f,-1.222501872020192e-16f,0.2960540645553829f,-0.9551711840608662f,-3.827021247335479e-17f,0f,0f,0f,1f], start_interpolation: 0, interpolation_duration: 1 }
$data merge entity $(bone_left_arm) { transformation: [-0.9982485340845585f,-0.05650759301910928f,0.017514454864964574f,0.3125f,-0.05915965008373671f,0.9534982342885716f,-0.29553553595218623f,1.375f,-1.222501872020192e-16f,-0.2960540645553829f,-0.9551711840608662f,3.827021247335479e-17f,0f,0f,0f,1f], start_interpolation: 0, interpolation_duration: 1 }
$data merge entity $(bone_right_leg) { transformation: [-1f,3.6256166253231356e-17f,1.1697473331979272e-16f,-0.11875f,0f,0.9551711840608662f,-0.2960540645553829f,0.75f,-1.2246467991473532e-16f,-0.2960540645553829f,-0.9551711840608662f,-1.4542680739874818e-17f,0f,0f,0f,1f], start_interpolation: 0, interpolation_duration: 1 }
$data merge entity $(bone_left_leg) { transformation: [-1f,-3.6256166253231356e-17f,1.1697473331979272e-16f,0.11875f,0f,0.9551711840608662f,0.2960540645553829f,0.75f,-1.2246467991473532e-16f,0.2960540645553829f,-0.9551711840608662f,1.4542680739874818e-17f,0f,0f,0f,1f], start_interpolation: 0, interpolation_duration: 1 }
data modify entity @s data merge value {"locators":{"head":{"posx":0,"posy":1.5,"posz":0,"roty":0,"rotx":0}},"cameras":{}}