# This file was generated by Animated Java via MC-Build. It is not recommended to edit this file directly.
$data merge entity $(bone_left_leg) { transformation: [-1f,6.456944643079241e-17f,1.040595234192412e-16f,0.11875f,0f,0.8497104919695335f,-0.5272495422822986f,0.75f,-1.2246467991473532e-16f,-0.5272495422822986f,-0.8497104919695335f,1.4542680739874818e-17f,0f,0f,0f,1f], start_interpolation: 0, interpolation_duration: 1 }
$data merge entity $(bone_right_leg) { transformation: [-1f,-6.456944643079241e-17f,1.040595234192412e-16f,-0.11875f,0f,0.8497104919695335f,0.5272495422822986f,0.75f,-1.2246467991473532e-16f,0.5272495422822986f,-0.8497104919695335f,-1.4542680739874818e-17f,0f,0f,0f,1f], start_interpolation: 0, interpolation_duration: 1 }
$data merge entity $(item_display_mainhand) { transformation: [0.014620530389311139f,0.10170847908432784f,0.9947068037233324f,-0.40007924900460523f,0.14153364212777253f,0.9845861331135717f,-0.10275395187783246f,1.1354406020400365f,-0.9898254736251149f,0.1422867940562903f,3.401176309225494e-17f,0.6683262077704638f,0f,0f,0f,1f], start_interpolation: 0, interpolation_duration: 1 }
$data merge entity $(bone_right_arm) { transformation: [-0.9947068037233324f,0.08731111100192697f,-0.054176974095284464f,-0.3125f,0.1027539518778326f,0.845212807557195f,-0.5244587069682152f,1.375f,-1.2181645032698736e-16f,-0.5272495422822985f,-0.8497104919695335f,-3.827021247335479e-17f,0f,0f,0f,1f], start_interpolation: 0, interpolation_duration: 1 }
$data merge entity $(bone_left_arm) { transformation: [-0.9947068037233324f,-0.08731111100192697f,-0.054176974095284464f,0.3125f,-0.1027539518778326f,0.845212807557195f,0.5244587069682152f,1.375f,-1.2181645032698736e-16f,0.5272495422822985f,-0.8497104919695335f,3.827021247335479e-17f,0f,0f,0f,1f], start_interpolation: 0, interpolation_duration: 1 }
data modify entity @s data merge value {"locators":{"head":{"posx":0,"posy":1.5,"posz":0,"roty":0,"rotx":0}},"cameras":{}}