# This file was generated by Animated Java via MC-Build. It is not recommended to edit this file directly.
$data merge entity $(bone_right_arm) { transformation: [-0.994568618696655f,0.0778636914418456f,-0.0690688660604516f,-0.3125f,0.10408296067958261f,0.7440294120988622f,-0.659990129644371f,1.375f,-1.217995275419263e-16f,-0.6635943636641818f,-0.7480925881955585f,-3.827021247335479e-17f,0f,0f,0f,1f], start_interpolation: 0, interpolation_duration: 1 }
$data merge entity $(bone_left_arm) { transformation: [-0.994568618696655f,-0.0778636914418456f,-0.0690688660604516f,0.3125f,-0.10408296067958261f,0.7440294120988622f,0.659990129644371f,1.375f,-1.217995275419263e-16f,0.6635943636641818f,-0.7480925881955585f,3.827021247335479e-17f,0f,0f,0f,1f], start_interpolation: 0, interpolation_duration: 1 }
$data merge entity $(bone_right_leg) { transformation: [-1f,-8.12668713393565e-17f,9.161491935995497e-17f,-0.11875f,0f,0.7480925881955585f,0.6635943636641819f,0.75f,-1.2246467991473532e-16f,0.6635943636641819f,-0.7480925881955585f,-1.4542680739874818e-17f,0f,0f,0f,1f], start_interpolation: 0, interpolation_duration: 1 }
$data merge entity $(bone_left_leg) { transformation: [-1f,8.12668713393565e-17f,9.161491935995497e-17f,0.11875f,0f,0.7480925881955585f,-0.6635943636641819f,0.75f,-1.2246467991473532e-16f,-0.6635943636641819f,-0.7480925881955585f,1.4542680739874818e-17f,0f,0f,0f,1f], start_interpolation: 0, interpolation_duration: 1 }
data modify entity @s data merge value {"locators":{"head":{"posx":0,"posy":1.5,"posz":0,"roty":0,"rotx":0}},"cameras":{}}