# This file was generated by Animated Java via MC-Build. It is not recommended to edit this file directly.
$data merge entity $(bone_left_leg) { transformation: [-1f,8.659560562354934e-17f,8.659560562354932e-17f,0.11875f,0f,0.7071067811865475f,-0.7071067811865476f,0.75f,-1.2246467991473532e-16f,-0.7071067811865476f,-0.7071067811865475f,1.4542680739874818e-17f,0f,0f,0f,1f], start_interpolation: 0, interpolation_duration: 1 }
$data merge entity $(bone_right_leg) { transformation: [-1f,-8.659560562354934e-17f,8.659560562354932e-17f,-0.11875f,0f,0.7071067811865475f,0.7071067811865476f,0.75f,-1.2246467991473532e-16f,0.7071067811865476f,-0.7071067811865475f,-1.4542680739874818e-17f,0f,0f,0f,1f], start_interpolation: 0, interpolation_duration: 1 }
$data merge entity $(item_display_mainhand) { transformation: [-0.009110255854363647f,0.10413070090691409f,0.9945218953682733f,-0.38389671661096303f,-0.08667829446963071f,0.9907374393020276f,-0.10452846326765333f,1.2936288819225528f,-0.9961946980917454f,-0.08715574274765825f,1.09757650870956e-17f,0.7071067811865475f,0f,0f,0f,1f], start_interpolation: 0, interpolation_duration: 1 }
$data merge entity $(bone_right_arm) { transformation: [-0.9945218953682733f,0.07391278520356678f,-0.07391278520356662f,-0.3125f,0.10452846326765344f,0.7032331762534042f,-0.7032331762534041f,1.375f,-1.2873269948837872e-16f,-0.7071067811865475f,-0.7071067811865475f,-3.827021247335479e-17f,0f,0f,0f,1f], start_interpolation: 0, interpolation_duration: 1 }
$data merge entity $(bone_left_arm) { transformation: [-0.9945218953682733f,-0.07391278520356678f,-0.07391278520356662f,0.3125f,-0.10452846326765344f,0.7032331762534042f,0.7032331762534041f,1.375f,-1.2873269948837872e-16f,0.7071067811865475f,-0.7071067811865475f,3.827021247335479e-17f,0f,0f,0f,1f], start_interpolation: 0, interpolation_duration: 1 }
data modify entity @s data merge value {"locators":{"head":{"posx":0,"posy":1.5,"posz":0,"roty":0,"rotx":0}},"cameras":{}}