# This file was generated by Animated Java via MC-Build. It is not recommended to edit this file directly.
$data merge entity $(bone_left_leg) { transformation: [-1f,8.126687133935649e-17f,9.161491935995499e-17f,0.11875f,0f,0.7480925881955587f,-0.6635943636641818f,0.75f,-1.2246467991473532e-16f,-0.6635943636641818f,-0.7480925881955587f,1.4542680739874818e-17f,0f,0f,0f,1f], start_interpolation: 0, interpolation_duration: 1 }
$data merge entity $(bone_right_leg) { transformation: [-1f,-8.126687133935649e-17f,9.161491935995499e-17f,-0.11875f,0f,0.7480925881955587f,0.6635943636641818f,0.75f,-1.2246467991473532e-16f,0.6635943636641818f,-0.7480925881955587f,-1.4542680739874818e-17f,0f,0f,0f,1f], start_interpolation: 0, interpolation_duration: 1 }
$data merge entity $(item_display_mainhand) { transformation: [-0.0028600049348638523f,0.1040436594685139f,0.994568618696655f,-0.3882412362031315f,-0.02732888398793548f,0.994193074506228f,-0.10408296067958249f,1.251734322456276f,-0.9996224049468612f,-0.027478128179580952f,1.1288866309208216e-17f,0.7005623368966591f,0f,0f,0f,1f], start_interpolation: 0, interpolation_duration: 1 }
$data merge entity $(bone_right_arm) { transformation: [-0.994568618696655f,0.0778636914418456f,-0.06906886606045158f,-0.3125f,0.10408296067958261f,0.7440294120988624f,-0.6599901296443709f,1.375f,-1.217995275419263e-16f,-0.6635943636641817f,-0.7480925881955587f,-3.827021247335479e-17f,0f,0f,0f,1f], start_interpolation: 0, interpolation_duration: 1 }
$data merge entity $(bone_left_arm) { transformation: [-0.994568618696655f,-0.0778636914418456f,-0.06906886606045158f,0.3125f,-0.10408296067958261f,0.7440294120988624f,0.6599901296443709f,1.375f,-1.217995275419263e-16f,0.6635943636641817f,-0.7480925881955587f,3.827021247335479e-17f,0f,0f,0f,1f], start_interpolation: 0, interpolation_duration: 1 }
data modify entity @s data merge value {"locators":{"head":{"posx":0,"posy":1.5,"posz":0,"roty":0,"rotx":0}},"cameras":{}}