# This file was generated by Animated Java via MC-Build. It is not recommended to edit this file directly.
$data merge entity $(bone_right_arm) { transformation: [-0.9947068037233324f,0.08731111100192697f,-0.05417697409528447f,-0.3125f,0.1027539518778326f,0.845212807557195f,-0.5244587069682153f,1.375f,-1.1834700337503374e-16f,-0.5272495422822986f,-0.8497104919695335f,-3.827021247335479e-17f,0f,0f,0f,1f], start_interpolation: 0, interpolation_duration: 1 }
$data merge entity $(bone_left_arm) { transformation: [-0.9947068037233324f,-0.08731111100192697f,-0.05417697409528447f,0.3125f,-0.1027539518778326f,0.845212807557195f,0.5244587069682153f,1.375f,-1.1834700337503374e-16f,0.5272495422822986f,-0.8497104919695335f,3.827021247335479e-17f,0f,0f,0f,1f], start_interpolation: 0, interpolation_duration: 1 }
$data merge entity $(bone_right_leg) { transformation: [-1f,-6.456944643079242e-17f,1.0405952341924118e-16f,-0.11875f,0f,0.8497104919695334f,0.5272495422822987f,0.75f,-1.2246467991473532e-16f,0.5272495422822987f,-0.8497104919695334f,-1.4542680739874818e-17f,0f,0f,0f,1f], start_interpolation: 0, interpolation_duration: 1 }
$data merge entity $(bone_left_leg) { transformation: [-1f,6.456944643079242e-17f,1.0405952341924118e-16f,0.11875f,0f,0.8497104919695334f,-0.5272495422822987f,0.75f,-1.2246467991473532e-16f,-0.5272495422822987f,-0.8497104919695334f,1.4542680739874818e-17f,0f,0f,0f,1f], start_interpolation: 0, interpolation_duration: 1 }
data modify entity @s data merge value {"locators":{"head":{"posx":0,"posy":1.5,"posz":0,"roty":0,"rotx":0}},"cameras":{}}