# This file was generated by Animated Java via MC-Build. It is not recommended to edit this file directly.
$data merge entity $(bone_left_leg) { transformation: [-1f,-3.625616625323137e-17f,1.1697473331979272e-16f,0.11875f,0f,0.9551711840608662f,0.296054064555383f,0.75f,-1.2246467991473532e-16f,0.296054064555383f,-0.9551711840608662f,1.4542680739874818e-17f,0f,0f,0f,1f], start_interpolation: 0, interpolation_duration: 1 }
$data merge entity $(bone_right_leg) { transformation: [-1f,3.625616625323137e-17f,1.1697473331979272e-16f,-0.11875f,0f,0.9551711840608662f,-0.296054064555383f,0.75f,-1.2246467991473532e-16f,-0.296054064555383f,-0.9551711840608662f,-1.4542680739874818e-17f,0f,0f,0f,1f], start_interpolation: 0, interpolation_duration: 1 }
$data merge entity $(item_display_mainhand) { transformation: [0.07883145945816283f,0.050763003138369706f,0.9955946557269529f,-0.4372457547868078f,0.8370589237912145f,0.5390186236240484f,-0.09376183385541313f,0.7169901866946179f,-0.5414036932836621f,0.8407627732593841f,1.712280866889097e-16f,0.25135698171422594f,0f,0f,0f,1f], start_interpolation: 0, interpolation_duration: 1 }
$data merge entity $(bone_right_arm) { transformation: [-0.9955946557269529f,0.08955860186339328f,0.027758572013061745f,-0.3125f,0.09376183385541328f,0.950963326155384f,0.2947498444775817f,1.375f,-1.219251808384224e-16f,0.2960540645553831f,-0.9551711840608662f,-3.827021247335479e-17f,0f,0f,0f,1f], start_interpolation: 0, interpolation_duration: 1 }
$data merge entity $(bone_left_arm) { transformation: [-0.9955946557269529f,-0.08955860186339328f,0.027758572013061745f,0.3125f,-0.09376183385541328f,0.950963326155384f,-0.2947498444775817f,1.375f,-1.219251808384224e-16f,-0.2960540645553831f,-0.9551711840608662f,3.827021247335479e-17f,0f,0f,0f,1f], start_interpolation: 0, interpolation_duration: 1 }
data modify entity @s data merge value {"locators":{"head":{"posx":0,"posy":1.5,"posz":0,"roty":0,"rotx":0}},"cameras":{}}