# This file was generated by Animated Java via MC-Build. It is not recommended to edit this file directly.
$data merge entity $(bone_left_leg) { transformation: [-1f,-8.12668713393565e-17f,9.161491935995497e-17f,0.11875f,0f,0.7480925881955585f,0.6635943636641819f,0.75f,-1.2246467991473532e-16f,0.6635943636641819f,-0.7480925881955585f,1.4542680739874818e-17f,0f,0f,0f,1f], start_interpolation: 0, interpolation_duration: 1 }
$data merge entity $(bone_right_leg) { transformation: [-1f,8.12668713393565e-17f,9.161491935995497e-17f,-0.11875f,0f,0.7480925881955585f,-0.6635943636641819f,0.75f,-1.2246467991473532e-16f,-0.6635943636641819f,-0.7480925881955585f,-1.4542680739874818e-17f,0f,0f,0f,1f], start_interpolation: 0, interpolation_duration: 1 }
$data merge entity $(item_display_mainhand) { transformation: [0.08322693965782307f,0.012327619066350298f,0.9964543674064297f,-0.43460884822107737f,0.9857000552854833f,0.1460024223550534f,-0.0841349729699366f,0.6716552074604429f,-0.1465219353045421f,0.9892074213604605f,2.360105733387402e-16f,-0.045981322225545504f,0f,0f,0f,1f], start_interpolation: 0, interpolation_duration: 1 }
$data merge entity $(bone_right_arm) { transformation: [-0.9964543674064297f,0.06294074968684325f,0.0558314938498884f,-0.3125f,0.08413497296993673f,0.745440126731844f,0.6612415018594646f,1.375f,-1.254999121060221e-16f,0.6635943636641819f,-0.7480925881955586f,-3.827021247335479e-17f,0f,0f,0f,1f], start_interpolation: 0, interpolation_duration: 1 }
$data merge entity $(bone_left_arm) { transformation: [-0.9964543674064297f,-0.06294074968684325f,0.0558314938498884f,0.3125f,-0.08413497296993673f,0.745440126731844f,-0.6612415018594646f,1.375f,-1.254999121060221e-16f,-0.6635943636641819f,-0.7480925881955586f,3.827021247335479e-17f,0f,0f,0f,1f], start_interpolation: 0, interpolation_duration: 1 }
data modify entity @s data merge value {"locators":{"head":{"posx":0,"posy":1.5,"posz":0,"roty":0,"rotx":0}},"cameras":{}}