# This file was generated by Animated Java via MC-Build. It is not recommended to edit this file directly.
$data merge entity $(bone_left_leg) { transformation: [-1f,-6.456944643079241e-17f,1.040595234192412e-16f,0.11875f,0f,0.8497104919695335f,0.5272495422822986f,0.75f,-1.2246467991473532e-16f,0.5272495422822986f,-0.8497104919695335f,1.4542680739874818e-17f,0f,0f,0f,1f], start_interpolation: 0, interpolation_duration: 1 }
$data merge entity $(bone_right_leg) { transformation: [-1f,6.456944643079241e-17f,1.040595234192412e-16f,-0.11875f,0f,0.8497104919695335f,-0.5272495422822986f,0.75f,-1.2246467991473532e-16f,-0.5272495422822986f,-0.8497104919695335f,-1.4542680739874818e-17f,0f,0f,0f,1f], start_interpolation: 0, interpolation_duration: 1 }
$data merge entity $(item_display_mainhand) { transformation: [0.06257596915531204f,0.020549966015256833f,0.9978286160363639f,-0.42153767434950845f,0.9480169696759433f,0.31132904167052367f,-0.06586389769027316f,0.6720213832511857f,-0.31200652764119363f,0.9500799580610493f,2.1000344930738908e-16f,0.07517047270287792f,0f,0f,0f,1f], start_interpolation: 0, interpolation_duration: 1 }
$data merge entity $(bone_right_arm) { transformation: [-0.9978286160363639f,0.05596524490943309f,0.03472670991012485f,-0.3125f,0.0658638976902733f,0.8478654442335374f,0.5261046810813522f,1.375f,-1.2219876207265664e-16f,0.5272495422822986f,-0.8497104919695335f,-3.827021247335479e-17f,0f,0f,0f,1f], start_interpolation: 0, interpolation_duration: 1 }
$data merge entity $(bone_left_arm) { transformation: [-0.9978286160363639f,-0.05596524490943309f,0.03472670991012485f,0.3125f,-0.0658638976902733f,0.8478654442335374f,-0.5261046810813522f,1.375f,-1.2219876207265664e-16f,-0.5272495422822986f,-0.8497104919695335f,3.827021247335479e-17f,0f,0f,0f,1f], start_interpolation: 0, interpolation_duration: 1 }
data modify entity @s data merge value {"locators":{"head":{"posx":0,"posy":1.5,"posz":0,"roty":0,"rotx":0}},"cameras":{}}