# This file was generated by Animated Java via MC-Build. It is not recommended to edit this file directly.
$data merge entity $(bone_right_arm) { transformation: [-0.9973804718599528f,0.054112460997461004f,0.04800037413621084f,-0.3125f,0.0723339087317833f,0.7461329386094195f,0.6618560595549868f,1.375f,-1.256133271914904e-16f,0.6635943636641818f,-0.7480925881955586f,-3.827021247335479e-17f,0f,0f,0f,1f], start_interpolation: 0, interpolation_duration: 1 }
$data merge entity $(bone_left_arm) { transformation: [-0.9973804718599528f,-0.054112460997461004f,0.04800037413621084f,0.3125f,-0.0723339087317833f,0.7461329386094195f,-0.6618560595549868f,1.375f,-1.256133271914904e-16f,-0.6635943636641818f,-0.7480925881955586f,3.827021247335479e-17f,0f,0f,0f,1f], start_interpolation: 0, interpolation_duration: 1 }
$data merge entity $(bone_right_leg) { transformation: [-1f,8.126687133935649e-17f,9.161491935995499e-17f,-0.11875f,0f,0.7480925881955587f,-0.6635943636641818f,0.75f,-1.2246467991473532e-16f,-0.6635943636641818f,-0.7480925881955587f,-1.4542680739874818e-17f,0f,0f,0f,1f], start_interpolation: 0, interpolation_duration: 1 }
$data merge entity $(bone_left_leg) { transformation: [-1f,-8.126687133935649e-17f,9.161491935995499e-17f,0.11875f,0f,0.7480925881955587f,0.6635943636641818f,0.75f,-1.2246467991473532e-16f,0.6635943636641818f,-0.7480925881955587f,1.4542680739874818e-17f,0f,0f,0f,1f], start_interpolation: 0, interpolation_duration: 1 }
data modify entity @s data merge value {"locators":{"head":{"posx":0,"posy":1.5,"posz":0,"roty":0,"rotx":0}},"cameras":{}}