# This file was generated by Animated Java via MC-Build. It is not recommended to edit this file directly.
$data merge entity $(bone_right_arm) { transformation: [-0.9978286160363639f,0.05596524490943312f,0.034726709910124845f,-0.3125f,0.06586389769027333f,0.8478654442335376f,0.526104681081352f,1.375f,-1.2219876207265664e-16f,0.5272495422822984f,-0.8497104919695337f,-3.827021247335479e-17f,0f,0f,0f,1f], start_interpolation: 0, interpolation_duration: 1 }
$data merge entity $(bone_left_arm) { transformation: [-0.9978286160363639f,-0.05596524490943312f,0.034726709910124845f,0.3125f,-0.06586389769027333f,0.8478654442335376f,-0.526104681081352f,1.375f,-1.2219876207265664e-16f,-0.5272495422822984f,-0.8497104919695337f,3.827021247335479e-17f,0f,0f,0f,1f], start_interpolation: 0, interpolation_duration: 1 }
$data merge entity $(bone_right_leg) { transformation: [-1f,6.456944643079237e-17f,1.0405952341924122e-16f,-0.11875f,0f,0.8497104919695336f,-0.5272495422822984f,0.75f,-1.2246467991473532e-16f,-0.5272495422822984f,-0.8497104919695336f,-1.4542680739874818e-17f,0f,0f,0f,1f], start_interpolation: 0, interpolation_duration: 1 }
$data merge entity $(bone_left_leg) { transformation: [-1f,-6.456944643079237e-17f,1.0405952341924122e-16f,0.11875f,0f,0.8497104919695336f,0.5272495422822984f,0.75f,-1.2246467991473532e-16f,0.5272495422822984f,-0.8497104919695336f,1.4542680739874818e-17f,0f,0f,0f,1f], start_interpolation: 0, interpolation_duration: 1 }
data modify entity @s data merge value {"locators":{"head":{"posx":0,"posy":1.5,"posz":0,"roty":0,"rotx":0}},"cameras":{}}