# This file was generated by Animated Java via MC-Build. It is not recommended to edit this file directly.
$data merge entity $(bone_right_arm) { transformation: [-0.9982485340845585f,0.05650759301910928f,0.017514454864964602f,-0.3125f,0.05915965008373671f,0.9534982342885715f,0.29553553595218673f,1.375f,-1.222501872020192e-16f,0.2960540645553834f,-0.9551711840608661f,-3.827021247335479e-17f,0f,0f,0f,1f], start_interpolation: 0, interpolation_duration: 1 }
$data merge entity $(bone_left_arm) { transformation: [-0.9982485340845585f,-0.05650759301910928f,0.017514454864964602f,0.3125f,-0.05915965008373671f,0.9534982342885715f,-0.29553553595218673f,1.375f,-1.222501872020192e-16f,-0.2960540645553834f,-0.9551711840608661f,3.827021247335479e-17f,0f,0f,0f,1f], start_interpolation: 0, interpolation_duration: 1 }
$data merge entity $(bone_right_leg) { transformation: [-1f,3.625616625323142e-17f,1.169747333197927e-16f,-0.11875f,0f,0.9551711840608661f,-0.2960540645553834f,0.75f,-1.2246467991473532e-16f,-0.2960540645553834f,-0.9551711840608661f,-1.4542680739874818e-17f,0f,0f,0f,1f], start_interpolation: 0, interpolation_duration: 1 }
$data merge entity $(bone_left_leg) { transformation: [-1f,-3.625616625323142e-17f,1.169747333197927e-16f,0.11875f,0f,0.9551711840608661f,0.2960540645553834f,0.75f,-1.2246467991473532e-16f,0.2960540645553834f,-0.9551711840608661f,1.4542680739874818e-17f,0f,0f,0f,1f], start_interpolation: 0, interpolation_duration: 1 }
data modify entity @s data merge value {"locators":{"head":{"posx":0,"posy":1.5,"posz":0,"roty":0,"rotx":0}},"cameras":{}}