# This file was generated by Animated Java via MC-Build. It is not recommended to edit this file directly.
$data merge entity $(bone_left_leg) { transformation: [-1f,-3.533725736519937e-32f,1.2246467991473532e-16f,0.11875f,0f,1f,2.885506040582684e-16f,0.75f,-1.2246467991473532e-16f,2.885506040582684e-16f,-1f,1.4542680739874818e-17f,0f,0f,0f,1f], start_interpolation: 0, interpolation_duration: 1 }
$data merge entity $(bone_right_leg) { transformation: [-1f,3.533725736519937e-32f,1.2246467991473532e-16f,-0.11875f,0f,1f,-2.885506040582684e-16f,0.75f,-1.2246467991473532e-16f,-2.885506040582684e-16f,-1f,-1.4542680739874818e-17f,0f,0f,0f,1f], start_interpolation: 0, interpolation_duration: 1 }
$data merge entity $(item_display_mainhand) { transformation: [0.03364090421406117f,0.04009166845522497f,0.9986295347545738f,-0.40435332130881685f,0.6419066916072735f,0.7649946058332315f,-0.05233595624294367f,0.8165418839657361f,-0.7660444431189779f,0.6427876096865395f,1.2229684632712e-16f,0.4374999999999998f,0f,0f,0f,1f], start_interpolation: 0, interpolation_duration: 1 }
$data merge entity $(bone_right_arm) { transformation: [-0.9986295347545738f,0.052335956242943835f,1.3756625170260386e-16f,-0.3125f,0.052335956242943835f,0.9986295347545738f,2.881551554838599e-16f,1.375f,-1.2229684632711994e-16f,2.9495991018759214e-16f,-1f,-3.827021247335479e-17f,0f,0f,0f,1f], start_interpolation: 0, interpolation_duration: 1 }
$data merge entity $(bone_left_arm) { transformation: [-0.9986295347545738f,-0.052335956242943835f,1.3756625170260386e-16f,0.3125f,-0.052335956242943835f,0.9986295347545738f,-2.881551554838599e-16f,1.375f,-1.2229684632711994e-16f,-2.9495991018759214e-16f,-1f,3.827021247335479e-17f,0f,0f,0f,1f], start_interpolation: 0, interpolation_duration: 1 }
data modify entity @s data merge value {"locators":{"head":{"posx":0,"posy":1.5,"posz":0,"roty":0,"rotx":0}},"cameras":{}}