# This file was generated by Animated Java via MC-Build. It is not recommended to edit this file directly.
$data merge entity $(bone_left_leg) { transformation: [-1f,3.6256166253231356e-17f,1.1697473331979272e-16f,0.11875f,0f,0.9551711840608662f,-0.2960540645553829f,0.75f,-1.2246467991473532e-16f,-0.2960540645553829f,-0.9551711840608662f,1.4542680739874818e-17f,0f,0f,0f,1f], start_interpolation: 0, interpolation_duration: 1 }
$data merge entity $(bone_right_leg) { transformation: [-1f,-3.6256166253231356e-17f,1.1697473331979272e-16f,-0.11875f,0f,0.9551711840608662f,0.2960540645553829f,0.75f,-1.2246467991473532e-16f,0.2960540645553829f,-0.9551711840608662f,-1.4542680739874818e-17f,0f,0f,0f,1f], start_interpolation: 0, interpolation_duration: 1 }
$data merge entity $(item_display_mainhand) { transformation: [0.017620565530057905f,0.041960209667833114f,0.9989638914770805f,-0.39349233283362706f,0.3867804690404736f,0.9210481666253203f,-0.04550981789644487f,0.9705067095813429f,-0.9220034622707403f,0.38718163122850724f,7.390224910362017e-17f,0.5844178043390319f,0f,0f,0f,1f], start_interpolation: 0, interpolation_duration: 1 }
$data merge entity $(bone_right_arm) { transformation: [-0.9989638914770805f,0.04346966664654184f,-0.013473366565417743f,-0.3125f,0.04550981789644503f,0.9541815230562137f,-0.2957473204158522f,1.375f,-1.2320515495410747e-16f,-0.296054064555383f,-0.9551711840608662f,-3.827021247335479e-17f,0f,0f,0f,1f], start_interpolation: 0, interpolation_duration: 1 }
$data merge entity $(bone_left_arm) { transformation: [-0.9989638914770805f,-0.04346966664654184f,-0.013473366565417743f,0.3125f,-0.04550981789644503f,0.9541815230562137f,0.2957473204158522f,1.375f,-1.2320515495410747e-16f,0.296054064555383f,-0.9551711840608662f,3.827021247335479e-17f,0f,0f,0f,1f], start_interpolation: 0, interpolation_duration: 1 }
data modify entity @s data merge value {"locators":{"head":{"posx":0,"posy":1.5,"posz":0,"roty":0,"rotx":0}},"cameras":{}}