# This file was generated by Animated Java via MC-Build. It is not recommended to edit this file directly.
$data merge entity $(bone_left_leg) { transformation: [-1f,6.456944643079244e-17f,1.0405952341924117e-16f,0.11875f,0f,0.8497104919695333f,-0.5272495422822989f,0.75f,-1.2246467991473532e-16f,-0.5272495422822989f,-0.8497104919695333f,1.4542680739874818e-17f,0f,0f,0f,1f], start_interpolation: 0, interpolation_duration: 1 }
$data merge entity $(bone_right_leg) { transformation: [-1f,-6.456944643079244e-17f,1.0405952341924117e-16f,-0.11875f,0f,0.8497104919695333f,0.5272495422822989f,0.75f,-1.2246467991473532e-16f,0.5272495422822989f,-0.8497104919695333f,-1.4542680739874818e-17f,0f,0f,0f,1f], start_interpolation: 0, interpolation_duration: 1 }
$data merge entity $(item_display_mainhand) { transformation: [0.005520500444461868f,0.038403648092073625f,0.9992470584835679f,-0.3845474168559213f,0.14217966042180485f,0.9890801929320004f,-0.038798403471497746f,1.1303206184993517f,-0.9898254736251149f,0.14228679405628986f,3.4567783938198465e-17f,0.6683262077704639f,0f,0f,0f,1f], start_interpolation: 0, interpolation_duration: 1 }
$data merge entity $(bone_right_arm) { transformation: [-0.9992470584835679f,0.03296741050139898f,-0.020456440471631115f,-0.3125f,0.038798403471497885f,0.8490707096631814f,-0.5268525542123947f,1.375f,-1.2237247117293096e-16f,-0.5272495422822989f,-0.8497104919695333f,-3.827021247335479e-17f,0f,0f,0f,1f], start_interpolation: 0, interpolation_duration: 1 }
$data merge entity $(bone_left_arm) { transformation: [-0.9992470584835679f,-0.03296741050139898f,-0.020456440471631115f,0.3125f,-0.038798403471497885f,0.8490707096631814f,0.5268525542123947f,1.375f,-1.2237247117293096e-16f,0.5272495422822989f,-0.8497104919695333f,3.827021247335479e-17f,0f,0f,0f,1f], start_interpolation: 0, interpolation_duration: 1 }
data modify entity @s data merge value {"locators":{"head":{"posx":0,"posy":1.5,"posz":0,"roty":0,"rotx":0}},"cameras":{}}