# This file was generated by Animated Java via MC-Build. It is not recommended to edit this file directly.
$data merge entity $(bone_left_leg) { transformation: [-1f,8.126687133935649e-17f,9.161491935995499e-17f,0.11875f,0f,0.7480925881955587f,-0.6635943636641818f,0.75f,-1.2246467991473532e-16f,-0.6635943636641818f,-0.7480925881955587f,1.4542680739874818e-17f,0f,0f,0f,1f], start_interpolation: 0, interpolation_duration: 1 }
$data merge entity $(bone_right_leg) { transformation: [-1f,-8.126687133935649e-17f,9.161491935995499e-17f,-0.11875f,0f,0.7480925881955587f,0.6635943636641818f,0.75f,-1.2246467991473532e-16f,0.6635943636641818f,-0.7480925881955587f,-1.4542680739874818e-17f,0f,0f,0f,1f], start_interpolation: 0, interpolation_duration: 1 }
$data merge entity $(item_display_mainhand) { transformation: [-0.0005628556839443136f,0.020476036385933066f,0.9997901855526493f,-0.37765959974731944f,-0.02747236287130289f,0.9994126697244079f,-0.020483770956515802f,1.2458280654218534f,-0.9996224049468612f,-0.027478128179580952f,1.1928323822880946e-17f,0.7005623368966591f,0f,0f,0f,1f], start_interpolation: 0, interpolation_duration: 1 }
$data merge entity $(bone_right_arm) { transformation: [-0.9997901855526493f,0.015323757230865096f,-0.013592914953331944f,-0.3125f,0.020483770956515927f,0.7479356275625992f,-0.6634551319795046f,1.375f,-1.2243898505559902e-16f,-0.6635943636641817f,-0.7480925881955587f,-3.827021247335479e-17f,0f,0f,0f,1f], start_interpolation: 0, interpolation_duration: 1 }
$data merge entity $(bone_left_arm) { transformation: [-0.9997901855526493f,-0.015323757230865096f,-0.013592914953331944f,0.3125f,-0.020483770956515927f,0.7479356275625992f,0.6634551319795046f,1.375f,-1.2243898505559902e-16f,0.6635943636641817f,-0.7480925881955587f,3.827021247335479e-17f,0f,0f,0f,1f], start_interpolation: 0, interpolation_duration: 1 }
data modify entity @s data merge value {"locators":{"head":{"posx":0,"posy":1.5,"posz":0,"roty":0,"rotx":0}},"cameras":{}}