# This file was generated by Animated Java via MC-Build. It is not recommended to edit this file directly.
$data merge entity $(bone_left_leg) { transformation: [-1f,6.456944643079237e-17f,1.0405952341924122e-16f,0.11875f,0f,0.8497104919695336f,-0.5272495422822984f,0.75f,-1.2246467991473532e-16f,-0.5272495422822984f,-0.8497104919695336f,1.4542680739874818e-17f,0f,0f,0f,1f], start_interpolation: 0, interpolation_duration: 1 }
$data merge entity $(bone_right_leg) { transformation: [-1f,-6.456944643079237e-17f,1.0405952341924122e-16f,-0.11875f,0f,0.8497104919695336f,0.5272495422822984f,0.75f,-1.2246467991473532e-16f,0.5272495422822984f,-0.8497104919695336f,-1.4542680739874818e-17f,0f,0f,0f,1f], start_interpolation: 0, interpolation_duration: 1 }
$data merge entity $(item_display_mainhand) { transformation: [0.0021820038355103225f,0.015179223021086246f,0.9998824081099427f,-0.3787849122753921f,0.14227006228324718f,0.9897090781768443f,-0.01533525194648116f,1.1286970556168796f,-0.9898254736251147f,0.14228679405629058f,3.4645591826826506e-17f,0.6683262077704637f,0f,0f,0f,1f], start_interpolation: 0, interpolation_duration: 1 }
$data merge entity $(bone_right_arm) { transformation: [-0.9998824081099427f,0.01303052447592144f,-0.008085504569565888f,-0.3125f,0.015335251946481302f,0.8496105729067813f,-0.5271875420120895f,1.375f,-1.2245027906155889e-16f,-0.5272495422822983f,-0.8497104919695336f,-3.827021247335479e-17f,0f,0f,0f,1f], start_interpolation: 0, interpolation_duration: 1 }
$data merge entity $(bone_left_arm) { transformation: [-0.9998824081099427f,-0.01303052447592144f,-0.008085504569565888f,0.3125f,-0.015335251946481302f,0.8496105729067813f,0.5271875420120895f,1.375f,-1.2245027906155889e-16f,0.5272495422822983f,-0.8497104919695336f,3.827021247335479e-17f,0f,0f,0f,1f], start_interpolation: 0, interpolation_duration: 1 }
data modify entity @s data merge value {"locators":{"head":{"posx":0,"posy":1.5,"posz":0,"roty":0,"rotx":0}},"cameras":{}}