# This file was generated by Animated Java via MC-Build. It is not recommended to edit this file directly.
$data merge entity $(bone_left_leg) { transformation: [-1f,3.6256166253231423e-17f,1.169747333197927e-16f,0.11875f,0f,0.9551711840608661f,-0.29605406455538347f,0.75f,-1.2246467991473532e-16f,-0.29605406455538347f,-0.9551711840608661f,1.4542680739874818e-17f,0f,0f,0f,1f], start_interpolation: 0, interpolation_duration: 1 }
$data merge entity $(bone_right_leg) { transformation: [-1f,-3.6256166253231423e-17f,1.169747333197927e-16f,-0.11875f,0f,0.9551711840608661f,0.29605406455538347f,0.75f,-1.2246467991473532e-16f,0.29605406455538347f,-0.9551711840608661f,-1.4542680739874818e-17f,0f,0f,0f,1f], start_interpolation: 0, interpolation_duration: 1 }
$data merge entity $(item_display_mainhand) { transformation: [0.004189221108175113f,0.009975877093393216f,0.9999414644381561f,-0.37940821760447946f,0.3871589673341872f,0.9219494922800544f,-0.010819782681535984f,0.9679399670951021f,-0.9220034622707404f,0.3871816312285067f,7.337144595990022e-17f,0.584417804339032f,0f,0f,0f,1f], start_interpolation: 0, interpolation_duration: 1 }
$data merge entity $(bone_right_arm) { transformation: [-0.9999414644381561f,0.010334744635204165f,-0.0032032406404746043f,-0.3125f,0.010819782681536144f,0.95511527257895f,-0.2960367348643786f,1.375f,-1.226743518103876e-16f,-0.29605406455538347f,-0.955171184060866f,-3.827021247335479e-17f,0f,0f,0f,1f], start_interpolation: 0, interpolation_duration: 1 }
$data merge entity $(bone_left_arm) { transformation: [-0.9999414644381561f,-0.010334744635204165f,-0.0032032406404746043f,0.3125f,-0.010819782681536144f,0.95511527257895f,0.2960367348643786f,1.375f,-1.226743518103876e-16f,0.29605406455538347f,-0.955171184060866f,3.827021247335479e-17f,0f,0f,0f,1f], start_interpolation: 0, interpolation_duration: 1 }
data modify entity @s data merge value {"locators":{"head":{"posx":0,"posy":1.5,"posz":0,"roty":0,"rotx":0}},"cameras":{}}