# This file was generated by Animated Java via MC-Build. It is not recommended to edit this file directly.
$data merge entity $(bone_right_arm) { transformation: [-0.9999984084591138f,0.0015159843077463962f,0.0009406757241679636f,-0.3125f,0.0017841186169569117f,0.849709139620544f,0.527248703143095f,1.375f,-1.225186951158144e-16f,0.5272495422822987f,-0.8497104919695334f,-3.827021247335479e-17f,0f,0f,0f,1f], start_interpolation: 0, interpolation_duration: 1 }
$data merge entity $(bone_left_arm) { transformation: [-0.9999984084591138f,-0.0015159843077463962f,0.0009406757241679636f,0.3125f,-0.0017841186169569117f,0.849709139620544f,-0.527248703143095f,1.375f,-1.225186951158144e-16f,-0.5272495422822987f,-0.8497104919695334f,3.827021247335479e-17f,0f,0f,0f,1f], start_interpolation: 0, interpolation_duration: 1 }
$data merge entity $(bone_right_leg) { transformation: [-1f,6.456944643079243e-17f,1.0405952341924117e-16f,-0.11875f,0f,0.8497104919695333f,-0.5272495422822988f,0.75f,-1.2246467991473532e-16f,-0.5272495422822988f,-0.8497104919695333f,-1.4542680739874818e-17f,0f,0f,0f,1f], start_interpolation: 0, interpolation_duration: 1 }
$data merge entity $(bone_left_leg) { transformation: [-1f,-6.456944643079243e-17f,1.0405952341924117e-16f,0.11875f,0f,0.8497104919695333f,0.5272495422822988f,0.75f,-1.2246467991473532e-16f,0.5272495422822988f,-0.8497104919695333f,1.4542680739874818e-17f,0f,0f,0f,1f], start_interpolation: 0, interpolation_duration: 1 }
data modify entity @s data merge value {"locators":{"head":{"posx":0,"posy":1.5,"posz":0,"roty":0,"rotx":0}},"cameras":{}}