# This file was generated by Animated Java via MC-Build. It is not recommended to edit this file directly.
$data merge entity $(bone_left_leg) { transformation: [-1f,-8.126687133935646e-17f,9.161491935995503e-17f,0.11875f,0f,0.7480925881955589f,0.6635943636641816f,0.75f,-1.2246467991473532e-16f,0.6635943636641816f,-0.7480925881955589f,1.4542680739874818e-17f,0f,0f,0f,1f], start_interpolation: 0, interpolation_duration: 1 }
$data merge entity $(bone_right_leg) { transformation: [-1f,8.126687133935646e-17f,9.161491935995503e-17f,-0.11875f,0f,0.7480925881955589f,-0.6635943636641816f,0.75f,-1.2246467991473532e-16f,-0.6635943636641816f,-0.7480925881955589f,-1.4542680739874818e-17f,0f,0f,0f,1f], start_interpolation: 0, interpolation_duration: 1 }
$data merge entity $(item_display_mainhand) { transformation: [0.0004431115036060532f,0.00006563391424481158f,0.9999998996721873f,-0.3753185391534373f,0.9892073221154436f,0.1465219206043173f,-0.0004479459959940557f,0.6639034530072456f,-0.14652193530454255f,0.9892074213604605f,2.3297532886083993e-16f,-0.04598132222554517f,0f,0f,0f,1f], start_interpolation: 0, interpolation_duration: 1 }
$data merge entity $(bone_right_arm) { transformation: [-0.9999998996721873f,0.00033510507951504254f,0.0002972544381677677f,-0.3125f,0.0004479459959941803f,0.7480925131410657f,0.6635942970872105f,1.375f,-1.2246466762812185e-16f,0.6635943636641816f,-0.7480925881955588f,-3.827021247335479e-17f,0f,0f,0f,1f], start_interpolation: 0, interpolation_duration: 1 }
$data merge entity $(bone_left_arm) { transformation: [-0.9999998996721873f,-0.00033510507951504254f,0.0002972544381677677f,0.3125f,-0.0004479459959941803f,0.7480925131410657f,-0.6635942970872105f,1.375f,-1.2246466762812185e-16f,-0.6635943636641816f,-0.7480925881955588f,3.827021247335479e-17f,0f,0f,0f,1f], start_interpolation: 0, interpolation_duration: 1 }
data modify entity @s data merge value {"locators":{"head":{"posx":0,"posy":1.5,"posz":0,"roty":0,"rotx":0}},"cameras":{}}