# This file was generated by Animated Java via MC-Build. It is not recommended to edit this file directly.
$data merge entity $(bone_left_leg) { transformation: [-1f,-8.659560562354934e-17f,8.659560562354932e-17f,0.11875f,0f,0.7071067811865475f,0.7071067811865476f,0.75f,-1.2246467991473532e-16f,0.7071067811865476f,-0.7071067811865475f,1.4542680739874818e-17f,0f,0f,0f,1f], start_interpolation: 0, interpolation_duration: 1 }
$data merge entity $(bone_right_leg) { transformation: [-1f,8.659560562354934e-17f,8.659560562354932e-17f,-0.11875f,0f,0.7071067811865475f,-0.7071067811865476f,0.75f,-1.2246467991473532e-16f,-0.7071067811865476f,-0.7071067811865475f,-1.4542680739874818e-17f,0f,0f,0f,1f], start_interpolation: 0, interpolation_duration: 1 }
$data merge entity $(item_display_mainhand) { transformation: [-1.0034880232419267e-16f,-1.7750981606581984e-16f,1f,-0.375f,0.9961946980917455f,0.0871557427476582f,1.1775693440128312e-16f,0.6678932188134525f,-0.0871557427476582f,0.9961946980917455f,2.4022161431601844e-16f,-0.08838834764831859f,0f,0f,0f,1f], start_interpolation: 0, interpolation_duration: 1 }
$data merge entity $(bone_right_arm) { transformation: [-1f,-8.659560562354934e-17f,8.659560562354932e-17f,-0.3125f,0f,0.7071067811865475f,0.7071067811865476f,1.375f,-1.2246467991473532e-16f,0.7071067811865476f,-0.7071067811865475f,-3.827021247335479e-17f,0f,0f,0f,1f], start_interpolation: 0, interpolation_duration: 1 }
$data merge entity $(bone_left_arm) { transformation: [-1f,8.659560562354934e-17f,8.659560562354932e-17f,0.3125f,0f,0.7071067811865475f,-0.7071067811865476f,1.375f,-1.2246467991473532e-16f,-0.7071067811865476f,-0.7071067811865475f,3.827021247335479e-17f,0f,0f,0f,1f], start_interpolation: 0, interpolation_duration: 1 }
data modify entity @s data merge value {"locators":{"head":{"posx":0,"posy":1.5,"posz":0,"roty":0,"rotx":0}},"cameras":{}}