# This file was generated by Animated Java via MC-Build. It is not recommended to edit this file directly.
$data merge entity $(bone_left_leg) { transformation: [-1f,-8.12668713393565e-17f,9.161491935995497e-17f,0.11875f,0f,0.7480925881955585f,0.6635943636641819f,0.75f,-1.2246467991473532e-16f,0.6635943636641819f,-0.7480925881955585f,1.4542680739874818e-17f,0f,0f,0f,1f], start_interpolation: 0, interpolation_duration: 1 }
$data merge entity $(bone_right_leg) { transformation: [-1f,8.12668713393565e-17f,9.161491935995497e-17f,-0.11875f,0f,0.7480925881955585f,-0.6635943636641819f,0.75f,-1.2246467991473532e-16f,-0.6635943636641819f,-0.7480925881955585f,-1.4542680739874818e-17f,0f,0f,0f,1f], start_interpolation: 0, interpolation_duration: 1 }
$data merge entity $(item_display_mainhand) { transformation: [0.00044311150360604553f,0.0000656339142448102f,0.9999998996721873f,-0.3753185391534373f,0.9892073221154436f,0.14652192060431685f,-0.00044794599599404803f,0.6639034530072456f,-0.1465219353045421f,0.9892074213604605f,2.3294822380652784e-16f,-0.04598132222554556f,0f,0f,0f,1f], start_interpolation: 0, interpolation_duration: 1 }
$data merge entity $(bone_right_arm) { transformation: [-0.9999998996721873f,0.0003351050795150366f,0.00029725443816776276f,-0.3125f,0.0004479459959941726f,0.7480925131410654f,0.6635942970872108f,1.375f,-1.2243756257380972e-16f,0.6635943636641819f,-0.7480925881955585f,-3.827021247335479e-17f,0f,0f,0f,1f], start_interpolation: 0, interpolation_duration: 1 }
$data merge entity $(bone_left_arm) { transformation: [-0.9999998996721873f,-0.0003351050795150366f,0.00029725443816776276f,0.3125f,-0.0004479459959941726f,0.7480925131410654f,-0.6635942970872108f,1.375f,-1.2243756257380972e-16f,-0.6635943636641819f,-0.7480925881955585f,3.827021247335479e-17f,0f,0f,0f,1f], start_interpolation: 0, interpolation_duration: 1 }
data modify entity @s data merge value {"locators":{"head":{"posx":0,"posy":1.5,"posz":0,"roty":0,"rotx":0}},"cameras":{}}