# This file was generated by Animated Java via MC-Build. It is not recommended to edit this file directly.
$data merge entity $(bone_left_leg) { transformation: [-1f,-6.45694464307924e-17f,1.040595234192412e-16f,0.11875f,0f,0.8497104919695335f,0.5272495422822985f,0.75f,-1.2246467991473532e-16f,0.5272495422822985f,-0.8497104919695335f,1.4542680739874818e-17f,0f,0f,0f,1f], start_interpolation: 0, interpolation_duration: 1 }
$data merge entity $(bone_right_leg) { transformation: [-1f,6.45694464307924e-17f,1.040595234192412e-16f,-0.11875f,0f,0.8497104919695335f,-0.5272495422822985f,0.75f,-1.2246467991473532e-16f,-0.5272495422822985f,-0.8497104919695335f,-1.4542680739874818e-17f,0f,0f,0f,1f], start_interpolation: 0, interpolation_duration: 1 }
$data merge entity $(item_display_mainhand) { transformation: [0.0016950553407742868f,0.0005566566545765631f,0.9999984084591138f,-0.37626418733112543f,0.9500784459699507f,0.3120060310700482f,-0.0017841186169567699f,0.6664788087518998f,-0.31200652764119374f,0.9500799580610491f,2.1037759245917107e-16f,0.07517047270287804f,0f,0f,0f,1f], start_interpolation: 0, interpolation_duration: 1 }
$data merge entity $(bone_right_arm) { transformation: [-0.9999984084591138f,0.0015159843077463965f,0.0009406757241679631f,-0.3125f,0.0017841186169569115f,0.8497091396205442f,0.5272487031430947f,1.375f,-1.2257290522443868e-16f,0.5272495422822984f,-0.8497104919695335f,-3.827021247335479e-17f,0f,0f,0f,1f], start_interpolation: 0, interpolation_duration: 1 }
$data merge entity $(bone_left_arm) { transformation: [-0.9999984084591138f,-0.0015159843077463965f,0.0009406757241679631f,0.3125f,-0.0017841186169569115f,0.8497091396205442f,-0.5272487031430947f,1.375f,-1.2257290522443868e-16f,-0.5272495422822984f,-0.8497104919695335f,3.827021247335479e-17f,0f,0f,0f,1f], start_interpolation: 0, interpolation_duration: 1 }
data modify entity @s data merge value {"locators":{"head":{"posx":0,"posy":1.5,"posz":0,"roty":0,"rotx":0}},"cameras":{}}