# This file was generated by Animated Java via MC-Build. It is not recommended to edit this file directly.
$data merge entity $(bone_left_leg) { transformation: [-1f,-3.6256166253231436e-17f,1.169747333197927e-16f,0.11875f,0f,0.955171184060866f,0.2960540645553836f,0.75f,-1.2246467991473532e-16f,0.2960540645553836f,-0.955171184060866f,1.4542680739874818e-17f,0f,0f,0f,1f], start_interpolation: 0, interpolation_duration: 1 }
$data merge entity $(bone_right_leg) { transformation: [-1f,3.6256166253231436e-17f,1.169747333197927e-16f,-0.11875f,0f,0.955171184060866f,-0.2960540645553836f,0.75f,-1.2246467991473532e-16f,-0.2960540645553836f,-0.955171184060866f,-1.4542680739874818e-17f,0f,0f,0f,1f], start_interpolation: 0, interpolation_duration: 1 }
$data merge entity $(item_display_mainhand) { transformation: [0.0033509843019098816f,0.0021578444418468117f,0.9999920572742431f,-0.37765716320639475f,0.8407560953112496f,0.5413993930626021f,-0.003985647805169864f,0.7084469549792682f,-0.5414036932836617f,0.8407627732593843f,1.7176661306185523e-16f,0.25135698171422555f,0f,0f,0f,1f], start_interpolation: 0, interpolation_duration: 1 }
$data merge entity $(bone_right_arm) { transformation: [-0.9999920572742431f,0.003806975933313806f,0.0011799672326069457f,-0.3125f,0.003985647805170023f,0.9551635973981001f,0.29605171307913963f,1.375f,-1.2246370721136784e-16f,0.2960540645553836f,-0.955171184060866f,-3.827021247335479e-17f,0f,0f,0f,1f], start_interpolation: 0, interpolation_duration: 1 }
$data merge entity $(bone_left_arm) { transformation: [-0.9999920572742431f,-0.003806975933313806f,0.0011799672326069457f,0.3125f,-0.003985647805170023f,0.9551635973981001f,-0.29605171307913963f,1.375f,-1.2246370721136784e-16f,-0.2960540645553836f,-0.955171184060866f,3.827021247335479e-17f,0f,0f,0f,1f], start_interpolation: 0, interpolation_duration: 1 }
data modify entity @s data merge value {"locators":{"head":{"posx":0,"posy":1.5,"posz":0,"roty":0,"rotx":0}},"cameras":{}}