# This file was generated by Animated Java via MC-Build. It is not recommended to edit this file directly.
$data merge entity $(bone_right_arm) { transformation: [-0.9999414644381561f,0.010334744635204158f,-0.0032032406404745783f,-0.3125f,0.010819782681536126f,0.9551152725789506f,-0.2960367348643766f,1.375f,-1.224575113758905e-16f,-0.29605406455538147f,-0.9551711840608667f,-3.827021247335479e-17f,0f,0f,0f,1f], start_interpolation: 0, interpolation_duration: 1 }
$data merge entity $(bone_left_arm) { transformation: [-0.9999414644381561f,-0.010334744635204158f,-0.0032032406404745783f,0.3125f,-0.010819782681536126f,0.9551152725789506f,0.2960367348643766f,1.375f,-1.224575113758905e-16f,0.29605406455538147f,-0.9551711840608667f,3.827021247335479e-17f,0f,0f,0f,1f], start_interpolation: 0, interpolation_duration: 1 }
$data merge entity $(bone_right_leg) { transformation: [-1f,-3.625616625323118e-17f,1.1697473331979277e-16f,-0.11875f,0f,0.9551711840608667f,0.29605406455538147f,0.75f,-1.2246467991473532e-16f,0.29605406455538147f,-0.9551711840608667f,-1.4542680739874818e-17f,0f,0f,0f,1f], start_interpolation: 0, interpolation_duration: 1 }
$data merge entity $(bone_left_leg) { transformation: [-1f,3.625616625323118e-17f,1.1697473331979277e-16f,0.11875f,0f,0.9551711840608667f,-0.29605406455538147f,0.75f,-1.2246467991473532e-16f,-0.29605406455538147f,-0.9551711840608667f,1.4542680739874818e-17f,0f,0f,0f,1f], start_interpolation: 0, interpolation_duration: 1 }
data modify entity @s data merge value {"locators":{"head":{"posx":0,"posy":1.5,"posz":0,"roty":0,"rotx":0}},"cameras":{}}