# This file was generated by Animated Java via MC-Build. It is not recommended to edit this file directly.
$data merge entity $(bone_right_arm) { transformation: [-0.9996573249755573f,0.018509897659266892f,-0.018509897659266722f,-0.3125f,0.026176948307873128f,0.7068644733530207f,-0.7068644733530208f,1.375f,-1.2242271432755217e-16f,-0.7071067811865476f,-0.7071067811865475f,-3.827021247335479e-17f,0f,0f,0f,1f], start_interpolation: 0, interpolation_duration: 1 }
$data merge entity $(bone_left_arm) { transformation: [-0.9996573249755573f,-0.018509897659266892f,-0.018509897659266722f,0.3125f,-0.026176948307873128f,0.7068644733530207f,0.7068644733530208f,1.375f,-1.2242271432755217e-16f,0.7071067811865476f,-0.7071067811865475f,3.827021247335479e-17f,0f,0f,0f,1f], start_interpolation: 0, interpolation_duration: 1 }
$data merge entity $(bone_right_leg) { transformation: [-1f,-8.659560562354934e-17f,8.659560562354932e-17f,-0.11875f,0f,0.7071067811865475f,0.7071067811865476f,0.75f,-1.2246467991473532e-16f,0.7071067811865476f,-0.7071067811865475f,-1.4542680739874818e-17f,0f,0f,0f,1f], start_interpolation: 0, interpolation_duration: 1 }
$data merge entity $(bone_left_leg) { transformation: [-1f,8.659560562354934e-17f,8.659560562354932e-17f,0.11875f,0f,0.7071067811865475f,-0.7071067811865476f,0.75f,-1.2246467991473532e-16f,-0.7071067811865476f,-0.7071067811865475f,1.4542680739874818e-17f,0f,0f,0f,1f], start_interpolation: 0, interpolation_duration: 1 }
data modify entity @s data merge value {"locators":{"head":{"posx":0,"posy":1.5,"posz":0,"roty":0,"rotx":0}},"cameras":{}}