# This file was generated by Animated Java via MC-Build. It is not recommended to edit this file directly.
$data merge entity $(bone_right_arm) { transformation: [-0.999477669599339f,0.024176102191984374f,-0.021445373745336664f,-0.3125f,0.03231699200535914f,0.747701836694235f,-0.6632477481543329f,1.375f,-1.2240071288940864e-16f,-0.6635943636641819f,-0.7480925881955586f,-3.827021247335479e-17f,0f,0f,0f,1f], start_interpolation: 0, interpolation_duration: 1 }
$data merge entity $(bone_left_arm) { transformation: [-0.999477669599339f,-0.024176102191984374f,-0.021445373745336664f,0.3125f,-0.03231699200535914f,0.747701836694235f,0.6632477481543329f,1.375f,-1.2240071288940864e-16f,0.6635943636641819f,-0.7480925881955586f,3.827021247335479e-17f,0f,0f,0f,1f], start_interpolation: 0, interpolation_duration: 1 }
$data merge entity $(bone_right_leg) { transformation: [-1f,-8.12668713393565e-17f,9.161491935995497e-17f,-0.11875f,0f,0.7480925881955585f,0.6635943636641819f,0.75f,-1.2246467991473532e-16f,0.6635943636641819f,-0.7480925881955585f,-1.4542680739874818e-17f,0f,0f,0f,1f], start_interpolation: 0, interpolation_duration: 1 }
$data merge entity $(bone_left_leg) { transformation: [-1f,8.12668713393565e-17f,9.161491935995497e-17f,0.11875f,0f,0.7480925881955585f,-0.6635943636641819f,0.75f,-1.2246467991473532e-16f,-0.6635943636641819f,-0.7480925881955585f,1.4542680739874818e-17f,0f,0f,0f,1f], start_interpolation: 0, interpolation_duration: 1 }
data modify entity @s data merge value {"locators":{"head":{"posx":0,"posy":1.5,"posz":0,"roty":0,"rotx":0}},"cameras":{}}