# This file was generated by Animated Java via MC-Build. It is not recommended to edit this file directly.
$data merge entity $(bone_right_arm) { transformation: [-0.9992470584835679f,0.032967410501398973f,-0.020456440471631136f,-0.3125f,0.03879840347149789f,0.8490707096631811f,-0.5268525542123952f,1.375f,-1.2410719464890776e-16f,-0.5272495422822994f,-0.849710491969533f,-3.827021247335479e-17f,0f,0f,0f,1f], start_interpolation: 0, interpolation_duration: 1 }
$data merge entity $(bone_left_arm) { transformation: [-0.9992470584835679f,-0.032967410501398973f,-0.020456440471631136f,0.3125f,-0.03879840347149789f,0.8490707096631811f,0.5268525542123952f,1.375f,-1.2410719464890776e-16f,0.5272495422822994f,-0.849710491969533f,3.827021247335479e-17f,0f,0f,0f,1f], start_interpolation: 0, interpolation_duration: 1 }
$data merge entity $(bone_right_leg) { transformation: [-1f,-6.456944643079249e-17f,1.0405952341924113e-16f,-0.11875f,0f,0.849710491969533f,0.5272495422822994f,0.75f,-1.2246467991473532e-16f,0.5272495422822994f,-0.849710491969533f,-1.4542680739874818e-17f,0f,0f,0f,1f], start_interpolation: 0, interpolation_duration: 1 }
$data merge entity $(bone_left_leg) { transformation: [-1f,6.456944643079249e-17f,1.0405952341924113e-16f,0.11875f,0f,0.849710491969533f,-0.5272495422822994f,0.75f,-1.2246467991473532e-16f,-0.5272495422822994f,-0.849710491969533f,1.4542680739874818e-17f,0f,0f,0f,1f], start_interpolation: 0, interpolation_duration: 1 }
data modify entity @s data merge value {"locators":{"head":{"posx":0,"posy":1.5,"posz":0,"roty":0,"rotx":0}},"cameras":{}}