# This file was generated by Animated Java via MC-Build. It is not recommended to edit this file directly.
$data merge entity $(bone_right_arm) { transformation: [-0.9989638914770805f,0.04346966664654183f,-0.013473366565417718f,-0.3125f,0.04550981789644502f,0.9541815230562138f,-0.2957473204158518f,1.375f,-1.2320515495410747e-16f,-0.2960540645553826f,-0.9551711840608663f,-3.827021247335479e-17f,0f,0f,0f,1f], start_interpolation: 0, interpolation_duration: 1 }
$data merge entity $(bone_left_arm) { transformation: [-0.9989638914770805f,-0.04346966664654183f,-0.013473366565417718f,0.3125f,-0.04550981789644502f,0.9541815230562138f,0.2957473204158518f,1.375f,-1.2320515495410747e-16f,0.2960540645553826f,-0.9551711840608663f,3.827021247335479e-17f,0f,0f,0f,1f], start_interpolation: 0, interpolation_duration: 1 }
$data merge entity $(bone_right_leg) { transformation: [-1f,-3.6256166253231306e-17f,1.1697473331979272e-16f,-0.11875f,0f,0.9551711840608663f,0.2960540645553825f,0.75f,-1.2246467991473532e-16f,0.2960540645553825f,-0.9551711840608663f,-1.4542680739874818e-17f,0f,0f,0f,1f], start_interpolation: 0, interpolation_duration: 1 }
$data merge entity $(bone_left_leg) { transformation: [-1f,3.6256166253231306e-17f,1.1697473331979272e-16f,0.11875f,0f,0.9551711840608663f,-0.2960540645553825f,0.75f,-1.2246467991473532e-16f,-0.2960540645553825f,-0.9551711840608663f,1.4542680739874818e-17f,0f,0f,0f,1f], start_interpolation: 0, interpolation_duration: 1 }
data modify entity @s data merge value {"locators":{"head":{"posx":0,"posy":1.5,"posz":0,"roty":0,"rotx":0}},"cameras":{}}