# This file was generated by Animated Java via MC-Build. It is not recommended to edit this file directly.
$data merge entity $(bone_left_leg) { transformation: [-1f,-6.456944643079241e-17f,1.040595234192412e-16f,0.11875f,0f,0.8497104919695335f,0.5272495422822986f,0.75f,-1.2246467991473532e-16f,0.5272495422822986f,-0.8497104919695335f,1.4542680739874818e-17f,0f,0f,0f,1f], start_interpolation: 0, interpolation_duration: 1 }
$data merge entity $(bone_right_leg) { transformation: [-1f,6.456944643079241e-17f,1.040595234192412e-16f,-0.11875f,0f,0.8497104919695335f,-0.5272495422822986f,0.75f,-1.2246467991473532e-16f,-0.5272495422822986f,-0.8497104919695335f,-1.4542680739874818e-17f,0f,0f,0f,1f], start_interpolation: 0, interpolation_duration: 1 }
$data merge entity $(item_display_mainhand) { transformation: [0.08480881880005345f,0.027851240143153735f,0.9960079179786816f,-0.43800664218604485f,0.9462871609416589f,0.310760971991663f,-0.08926492773632831f,0.6747741558605467f,-0.31200652764119347f,0.9500799580610493f,2.0631103115058001e-16f,0.07517047270287781f,0f,0f,0f,1f], start_interpolation: 0, interpolation_duration: 1 }
$data merge entity $(bone_right_arm) { transformation: [-0.9960079179786816f,0.07584934566246043f,0.047064892290841744f,-0.3125f,0.08926492773632845f,0.8463183779912162f,0.5251447188638052f,1.375f,-1.1850634391584757e-16f,0.5272495422822987f,-0.8497104919695334f,-3.827021247335479e-17f,0f,0f,0f,1f], start_interpolation: 0, interpolation_duration: 1 }
$data merge entity $(bone_left_arm) { transformation: [-0.9960079179786816f,-0.07584934566246043f,0.047064892290841744f,0.3125f,-0.08926492773632845f,0.8463183779912162f,-0.5251447188638052f,1.375f,-1.1850634391584757e-16f,-0.5272495422822987f,-0.8497104919695334f,3.827021247335479e-17f,0f,0f,0f,1f], start_interpolation: 0, interpolation_duration: 1 }
data modify entity @s data merge value {"locators":{"head":{"posx":0,"posy":1.5,"posz":0,"roty":0,"rotx":0}},"cameras":{}}