# This file was generated by Animated Java via MC-Build. It is not recommended to edit this file directly.
$data merge entity $(bone_left_leg) { transformation: [-1f,-1.1779085788399792e-32f,1.2246467991473532e-16f,0.11875f,0f,1f,9.61835346860895e-17f,0.75f,-1.2246467991473532e-16f,9.61835346860895e-17f,-1f,1.4542680739874818e-17f,0f,0f,0f,1f], start_interpolation: 0, interpolation_duration: 1 }
$data merge entity $(bone_right_leg) { transformation: [-1f,1.1779085788399792e-32f,1.2246467991473532e-16f,-0.11875f,0f,1f,-9.61835346860895e-17f,0.75f,-1.2246467991473532e-16f,-9.61835346860895e-17f,-1f,-1.4542680739874818e-17f,0f,0f,0f,1f], start_interpolation: 0, interpolation_duration: 1 }
$data merge entity $(item_display_mainhand) { transformation: [0.06270359932839907f,0.07472723976820737f,0.995230675907796f,-0.4295735017158555f,0.6397219472534912f,0.7623909289007117f,-0.09754948350509884f,0.8212795875209334f,-0.766044443118978f,0.6427876096865394f,1.2188060616637395e-16f,0.4374999999999999f,0f,0f,0f,1f], start_interpolation: 0, interpolation_duration: 1 }
$data merge entity $(bone_right_arm) { transformation: [-0.995230675907796f,0.09754948350509901f,1.3184733404505814e-16f,-0.3125f,0.09754948350509901f,0.995230675907796f,9.57248042368378e-17f,1.375f,-1.2188060616637393e-16f,1.0812990095938921e-16f,-1f,-3.827021247335479e-17f,0f,0f,0f,1f], start_interpolation: 0, interpolation_duration: 1 }
$data merge entity $(bone_left_arm) { transformation: [-0.995230675907796f,-0.09754948350509901f,1.3184733404505814e-16f,0.3125f,-0.09754948350509901f,0.995230675907796f,-9.57248042368378e-17f,1.375f,-1.2188060616637393e-16f,-1.0812990095938921e-16f,-1f,3.827021247335479e-17f,0f,0f,0f,1f], start_interpolation: 0, interpolation_duration: 1 }
data modify entity @s data merge value {"locators":{"head":{"posx":0,"posy":1.5,"posz":0,"roty":0,"rotx":0}},"cameras":{}}