# This file was generated by Animated Java via MC-Build. It is not recommended to edit this file directly.
$data merge entity $(bone_left_leg) { transformation: [-1f,3.6256166253231343e-17f,1.1697473331979272e-16f,0.11875f,0f,0.9551711840608662f,-0.2960540645553828f,0.75f,-1.2246467991473532e-16f,-0.2960540645553828f,-0.9551711840608662f,1.4542680739874818e-17f,0f,0f,0f,1f], start_interpolation: 0, interpolation_duration: 1 }
$data merge entity $(bone_right_leg) { transformation: [-1f,-3.6256166253231343e-17f,1.1697473331979272e-16f,-0.11875f,0f,0.9551711840608662f,0.2960540645553828f,0.75f,-1.2246467991473532e-16f,0.2960540645553828f,-0.9551711840608662f,-1.4542680739874818e-17f,0f,0f,0f,1f], start_interpolation: 0, interpolation_duration: 1 }
$data merge entity $(item_display_mainhand) { transformation: [0.038936463489674174f,0.09272018931308895f,0.9949306097937998f,-0.4156890798114088f,0.385218856459137f,0.9173294669490222f,-0.10056381901726771f,0.9755921961463198f,-0.92200346227074f,0.38718163122850746f,7.254095281528285e-17f,0.5844178043390318f,0f,0f,0f,1f], start_interpolation: 0, interpolation_duration: 1 }
$data merge entity $(bone_right_arm) { transformation: [-0.9949306097937998f,0.09605566208440644f,-0.02977232736727393f,-0.3125f,0.10056381901726787f,0.9503290486151434f,-0.29455325098001994f,1.375f,-1.218438586657701e-16f,-0.29605406455538275f,-0.9551711840608662f,-3.827021247335479e-17f,0f,0f,0f,1f], start_interpolation: 0, interpolation_duration: 1 }
$data merge entity $(bone_left_arm) { transformation: [-0.9949306097937998f,-0.09605566208440644f,-0.02977232736727393f,0.3125f,-0.10056381901726787f,0.9503290486151434f,0.29455325098001994f,1.375f,-1.218438586657701e-16f,0.29605406455538275f,-0.9551711840608662f,3.827021247335479e-17f,0f,0f,0f,1f], start_interpolation: 0, interpolation_duration: 1 }
data modify entity @s data merge value {"locators":{"head":{"posx":0,"posy":1.5,"posz":0,"roty":0,"rotx":0}},"cameras":{}}