# This file was generated by Animated Java via MC-Build. It is not recommended to edit this file directly.
$data merge entity $(bone_left_leg) { transformation: [-1f,0f,1.2246467991473532e-16f,0.11875f,0f,1f,0f,0.75f,-1.2246467991473532e-16f,0f,-1f,1.4542680739874818e-17f,0f,0f,0f,1f], start_interpolation: 0, interpolation_duration: 1 }
$data merge entity $(bone_right_leg) { transformation: [-1f,0f,1.2246467991473532e-16f,-0.11875f,0f,1f,0f,0.75f,-1.2246467991473532e-16f,0f,-1f,-1.4542680739874818e-17f,0f,0f,0f,1f], start_interpolation: 0, interpolation_duration: 1 }
$data merge entity $(item_display_mainhand) { transformation: [0.03569303632999034f,0.03827609532605577f,0.9986295347545738f,-0.40551131160437864f,0.6810637050125952f,0.7303514067889877f,-0.05233595624294366f,0.7944461128530579f,-0.7313537016191706f,0.6819983600624985f,1.305788530036294e-16f,0.40746144606847007f,0f,0f,0f,1f], start_interpolation: 0, interpolation_duration: 1 }
$data merge entity $(bone_right_arm) { transformation: [-0.9986295347545738f,0.05226423163382672f,0.002739052315863453f,-0.3125f,0.05233595624294383f,0.9972609476841366f,0.05226423163382673f,1.375f,-1.2186316545812574e-16f,0.052335956242943835f,-0.9986295347545738f,-3.827021247335479e-17f,0f,0f,0f,1f], start_interpolation: 0, interpolation_duration: 1 }
$data merge entity $(bone_left_arm) { transformation: [-0.9986295347545738f,-0.05226423163382672f,0.002739052315863453f,0.3125f,-0.05233595624294383f,0.9972609476841366f,-0.05226423163382673f,1.375f,-1.2186316545812574e-16f,-0.052335956242943835f,-0.9986295347545738f,3.827021247335479e-17f,0f,0f,0f,1f], start_interpolation: 0, interpolation_duration: 1 }
$data merge entity $(bone_head1) { transformation: [-1f,0f,1.2246467991473532e-16f,0f,0f,1f,0f,1.5f,-1.2246467991473532e-16f,0f,-1f,0f,0f,0f,0f,1f], start_interpolation: 0, interpolation_duration: 1 }
$data merge entity $(bone_body) { transformation: [-1f,0f,1.2246467991473532e-16f,0f,0f,1f,0f,0.75f,-1.2246467991473532e-16f,0f,-1f,0f,0f,0f,0f,1f], start_interpolation: 0, interpolation_duration: 1 }
data modify entity @s data merge value {"locators":{"head":{"posx":0,"posy":1.5,"posz":0,"roty":0,"rotx":0}},"cameras":{}}