# This file was generated by Animated Java via MC-Build. It is not recommended to edit this file directly.
$data merge entity $(item_display_mainhand) { transformation: [0.03848394816814324f,0.04128233898747179f,0.9984061068628913f,-0.40789178626741096f,0.6807934604819681f,0.7302978970160754f,-0.05643798170456543f,0.7948987815452966f,-0.7314637721024732f,0.6818803048201505f,1.3095832873544462e-16f,0.4075558041055005f,0f,0f,0f,1f], start_interpolation: 0, interpolation_duration: 1 }
$data merge entity $(bone_right_arm) { transformation: [-0.9984061068628913f,0.05636111143460828f,0.0029446386434585445f,-0.3125f,0.0564379817045656f,0.9970462469840718f,0.052091607731881734f,1.375f,-1.22269484301881e-16f,0.052174768737703f,-0.9986379691896194f,-3.827021247335479e-17f,0f,0f,0f,1f], start_interpolation: 0, interpolation_duration: 1 }
$data merge entity $(bone_left_arm) { transformation: [-0.9984061068628913f,-0.05636111143460828f,0.0029446386434585445f,0.3125f,-0.0564379817045656f,0.9970462469840718f,-0.052091607731881734f,1.375f,-1.22269484301881e-16f,-0.052174768737703f,-0.9986379691896194f,3.827021247335479e-17f,0f,0f,0f,1f], start_interpolation: 0, interpolation_duration: 1 }
data modify entity @s data merge value {"locators":{"head":{"posx":0,"posy":1.5,"posz":0,"roty":0,"rotx":0}},"cameras":{}}