# This file was generated by Animated Java via MC-Build. It is not recommended to edit this file directly.
$data merge entity $(item_display_mainhand) { transformation: [0.061527880258928705f,0.06845765112726065f,0.995754924644102f,-0.4278486944587787f,0.6656226768100301f,0.7405905225353828f,-0.0920441744328167f,0.8061532383093558f,-0.7437477879409748f,0.6684603413314112f,1.273898498323732e-16f,0.41812293694644737f,0f,0f,0f,1f], start_interpolation: 0, interpolation_duration: 1 }
$data merge entity $(bone_right_arm) { transformation: [-0.995754924644102f,0.09199096231573217f,0.0031293608363953673f,-0.3125f,0.09204417443281687f,0.9951792637946855f,0.03385414104727918f,1.375f,-1.2172796768556425e-16f,0.03399846710211268f,-0.9994218850088818f,-3.827021247335479e-17f,0f,0f,0f,1f], start_interpolation: 0, interpolation_duration: 1 }
$data merge entity $(bone_left_arm) { transformation: [-0.995754924644102f,-0.09199096231573217f,0.0031293608363953673f,0.3125f,-0.09204417443281687f,0.9951792637946855f,-0.03385414104727918f,1.375f,-1.2172796768556425e-16f,-0.03399846710211268f,-0.9994218850088818f,3.827021247335479e-17f,0f,0f,0f,1f], start_interpolation: 0, interpolation_duration: 1 }
data modify entity @s data merge value {"locators":{"head":{"posx":0,"posy":1.5,"posz":0,"roty":0,"rotx":0}},"cameras":{}}