# This file was generated by Animated Java via MC-Build. It is not recommended to edit this file directly.
$data merge entity $(item_display_mainhand) { transformation: [0.06299442624585214f,0.07054618304475187f,0.9955174224089562f,-0.42916822378695374f,0.6630699096169488f,0.7425585722893134f,-0.09457833620987277f,0.8077955896540773f,-0.7459021364914618f,0.6660555553236328f,1.2704020758590937e-16f,0.4199838478352845f,0f,0f,0f,1f], start_interpolation: 0, interpolation_duration: 1 }
$data merge entity $(bone_right_arm) { transformation: [-0.9955174224089562f,0.09453354817483284f,0.002910317801258275f,-0.3125f,0.09457833620987294f,0.9950459902503387f,0.03063356992736963f,1.375f,-1.2191572248485518e-16f,0.030771505588764514f,-0.9995264450947762f,-3.827021247335479e-17f,0f,0f,0f,1f], start_interpolation: 0, interpolation_duration: 1 }
$data merge entity $(bone_left_arm) { transformation: [-0.9955174224089562f,-0.09453354817483284f,0.002910317801258275f,0.3125f,-0.09457833620987294f,0.9950459902503387f,-0.03063356992736963f,1.375f,-1.2191572248485518e-16f,-0.030771505588764514f,-0.9995264450947762f,3.827021247335479e-17f,0f,0f,0f,1f], start_interpolation: 0, interpolation_duration: 1 }
data modify entity @s data merge value {"locators":{"head":{"posx":0,"posy":1.5,"posz":0,"roty":0,"rotx":0}},"cameras":{}}