# This file was generated by Animated Java via MC-Build. It is not recommended to edit this file directly.
$data merge entity $(item_display_mainhand) { transformation: [0.06426145216796929f,0.07246217291945627f,0.9952987989850357f,-0.4303240987573692f,0.6603826189408002f,0.7446573009525553f,-0.09685195268524728f,0.8094958210321518f,-0.748174620236582f,0.6635018746272284f,1.2644439623772447e-16f,0.4219493516074098f,0f,0f,0f,1f], start_interpolation: 0, interpolation_duration: 1 }
$data merge entity $(bone_right_arm) { transformation: [-0.9952987989850357f,0.09681571013531094f,0.002649341416438955f,-0.3125f,0.09685195268524745f,0.9949263525301751f,0.027225949057034713f,1.375f,-1.2188894883722288e-16f,0.027354548287206425f,-0.9996257943290594f,-3.827021247335479e-17f,0f,0f,0f,1f], start_interpolation: 0, interpolation_duration: 1 }
$data merge entity $(bone_left_arm) { transformation: [-0.9952987989850357f,-0.09681571013531094f,0.002649341416438955f,0.3125f,-0.09685195268524745f,0.9949263525301751f,-0.027225949057034713f,1.375f,-1.2188894883722288e-16f,-0.027354548287206425f,-0.9996257943290594f,3.827021247335479e-17f,0f,0f,0f,1f], start_interpolation: 0, interpolation_duration: 1 }
data modify entity @s data merge value {"locators":{"head":{"posx":0,"posy":1.5,"posz":0,"roty":0,"rotx":0}},"cameras":{}}