# This file was generated by Animated Java via MC-Build. It is not recommended to edit this file directly.
$data merge entity $(item_display_mainhand) { transformation: [0.0653222224783659f,0.07419272886530653f,0.995102229036799f,-0.4313098953840758f,0.6575773391600195f,0.7468738107988757f,-0.09885116977554696f,0.811243477392736f,-0.7505498319723451f,0.6608138540665476f,1.2603999150354283e-16f,0.42400653529938703f,0f,0f,0f,1f], start_interpolation: 0, interpolation_duration: 1 }
$data merge entity $(bone_right_arm) { transformation: [-0.995102229036799f,0.09882324291338233f,0.002349558698281959f,-0.3125f,0.09885116977554713f,0.9948210984962773f,0.02365223500361066f,1.375f,-1.2208171639592834e-16f,0.02376864839957665f,-0.9997174857694834f,-3.827021247335479e-17f,0f,0f,0f,1f], start_interpolation: 0, interpolation_duration: 1 }
$data merge entity $(bone_left_arm) { transformation: [-0.995102229036799f,-0.09882324291338233f,0.002349558698281959f,0.3125f,-0.09885116977554713f,0.9948210984962773f,-0.02365223500361066f,1.375f,-1.2208171639592834e-16f,-0.02376864839957665f,-0.9997174857694834f,3.827021247335479e-17f,0f,0f,0f,1f], start_interpolation: 0, interpolation_duration: 1 }
data modify entity @s data merge value {"locators":{"head":{"posx":0,"posy":1.5,"posz":0,"roty":0,"rotx":0}},"cameras":{}}