# This file was generated by Animated Java via MC-Build. It is not recommended to edit this file directly.
$data merge entity $(item_display_mainhand) { transformation: [0.06617169483449067f,0.07572574527905832f,0.9949306097937998f,-0.43212046970918744f,0.6546712857182193f,0.7491945181064235f,-0.10056381901726769f,0.8130278372097374f,-0.7530118288969867f,0.6580069798575203f,1.25180509103545e-16f,0.42614197337904647f,0f,0f,0f,1f], start_interpolation: 0, interpolation_duration: 1 }
$data merge entity $(bone_right_arm) { transformation: [-0.9949306097937998f,0.1005436319236353f,0.0020148883200687916f,-0.3125f,0.10056381901726785f,0.9947308882878538f,0.01993434701011208f,1.375f,-1.218438586657701e-16f,0.020035916890971426f,-0.9997992608690697f,-3.827021247335479e-17f,0f,0f,0f,1f], start_interpolation: 0, interpolation_duration: 1 }
$data merge entity $(bone_left_arm) { transformation: [-0.9949306097937998f,-0.1005436319236353f,0.0020148883200687916f,0.3125f,-0.10056381901726785f,0.9947308882878538f,-0.01993434701011208f,1.375f,-1.218438586657701e-16f,-0.020035916890971426f,-0.9997992608690697f,3.827021247335479e-17f,0f,0f,0f,1f], start_interpolation: 0, interpolation_duration: 1 }
data modify entity @s data merge value {"locators":{"head":{"posx":0,"posy":1.5,"posz":0,"roty":0,"rotx":0}},"cameras":{}}