# This file was generated by Animated Java via MC-Build. It is not recommended to edit this file directly.
$data merge entity $(item_display_mainhand) { transformation: [0.06680651701488857f,0.07705001605055474f,0.99478650187412f,-0.43275196890155465f,0.6516822507490261f,0.75160523439478f,-0.10197948660907903f,0.8148379773568389f,-0.7555442629939182f,0.6550976008633959f,1.24629039785274e-16f,0.42834182887458266f,0f,0f,0f,1f], start_interpolation: 0, interpolation_duration: 1 }
$data merge entity $(bone_right_arm) { transformation: [-0.99478650187412f,0.10196613802123898f,0.0016499654799433346f,-0.3125f,0.1019794866090792f,0.9946562894613686f,0.01609503482104833f,1.375f,-1.219346307527619e-16f,0.016179386019740147f,-0.9998691051672836f,-3.827021247335479e-17f,0f,0f,0f,1f], start_interpolation: 0, interpolation_duration: 1 }
$data merge entity $(bone_left_arm) { transformation: [-0.99478650187412f,-0.10196613802123898f,0.0016499654799433346f,0.3125f,-0.1019794866090792f,0.9946562894613686f,-0.01609503482104833f,1.375f,-1.219346307527619e-16f,-0.016179386019740147f,-0.9998691051672836f,3.827021247335479e-17f,0f,0f,0f,1f], start_interpolation: 0, interpolation_duration: 1 }
data modify entity @s data merge value {"locators":{"head":{"posx":0,"posy":1.5,"posz":0,"roty":0,"rotx":0}},"cameras":{}}