# This file was generated by Animated Java via MC-Build. It is not recommended to edit this file directly.
$data merge entity $(item_display_mainhand) { transformation: [0.06722500381423276f,0.0781553499129021f,0.9946720766876731f,-0.4332018291376149f,0.6486284969810663f,0.7540912498141396f,-0.10308957201304003f,0.8166628382060678f,-0.7581305110376836f,0.6521028509627456f,1.238477136309415e-16f,0.43059195557131613f,0f,0f,0f,1f], start_interpolation: 0, interpolation_duration: 1 }
$data merge entity $(bone_right_arm) { transformation: [-0.9946720766876731f,0.10308187101371724f,0.0012600500558157444f,-0.3125f,0.1030895720130402f,0.994597772673799f,0.012157743807395026f,1.375f,-1.2181219749168094e-16f,0.01222286630170736f,-0.9999252979794894f,-3.827021247335479e-17f,0f,0f,0f,1f], start_interpolation: 0, interpolation_duration: 1 }
$data merge entity $(bone_left_arm) { transformation: [-0.9946720766876731f,-0.10308187101371724f,0.0012600500558157444f,0.3125f,-0.1030895720130402f,0.994597772673799f,-0.012157743807395026f,1.375f,-1.2181219749168094e-16f,-0.01222286630170736f,-0.9999252979794894f,3.827021247335479e-17f,0f,0f,0f,1f], start_interpolation: 0, interpolation_duration: 1 }
data modify entity @s data merge value {"locators":{"head":{"posx":0,"posy":1.5,"posz":0,"roty":0,"rotx":0}},"cameras":{}}