# This file was generated by Animated Java via MC-Build. It is not recommended to edit this file directly.
$data merge entity $(item_display_mainhand) { transformation: [0.06742709499163203f,0.07903268591421471f,0.9945890716362082f,-0.4334687607873132f,0.6455286504684132f,0.7566374183468617f,-0.10388733600312153f,0.8184912886138589f,-0.7607538026756216f,0.6490405624570635f,1.231118640500064e-16f,0.4328780002089716f,0f,0f,0f,1f], start_interpolation: 0, interpolation_duration: 1 }
$data merge entity $(bone_right_arm) { transformation: [-0.9945890716362082f,0.10388385108713019f,0.00085092016809015f,-0.3125f,0.1038873360031217f,0.9945557079992717f,0.008146478026847814f,1.375f,-1.2174782219599774e-16f,0.00819079784724155f,-0.9999664548526743f,-3.827021247335479e-17f,0f,0f,0f,1f], start_interpolation: 0, interpolation_duration: 1 }
$data merge entity $(bone_left_arm) { transformation: [-0.9945890716362082f,-0.10388385108713019f,0.00085092016809015f,0.3125f,-0.1038873360031217f,0.9945557079992717f,-0.008146478026847814f,1.375f,-1.2174782219599774e-16f,-0.00819079784724155f,-0.9999664548526743f,3.827021247335479e-17f,0f,0f,0f,1f], start_interpolation: 0, interpolation_duration: 1 }
data modify entity @s data merge value {"locators":{"head":{"posx":0,"posy":1.5,"posz":0,"roty":0,"rotx":0}},"cameras":{}}