# This file was generated by Animated Java via MC-Build. It is not recommended to edit this file directly.
$data merge entity $(item_display_mainhand) { transformation: [0.0674142956889876f,0.07967420685268717f,0.99453875414644f,-0.4335527216339078f,0.6424015926167527f,0.7592282445369197f,-0.10436793808850986f,0.8203121905050289f,-0.7633973451225893f,0.6459291706215028f,1.224529007316471e-16f,0.4351855036449333f,0f,0f,0f,1f], start_interpolation: 0, interpolation_duration: 1 }
$data merge entity $(bone_right_arm) { transformation: [-0.99453875414644f,0.10436705740403904f,0.0004287536228190152f,-0.3125f,0.10436793808851003f,0.9945303619634324f,0.0040856617624509565f,1.375f,-1.2176876513503127e-16f,0.0041080970906533214f,-0.9999915617335448f,-3.827021247335479e-17f,0f,0f,0f,1f], start_interpolation: 0, interpolation_duration: 1 }
$data merge entity $(bone_left_arm) { transformation: [-0.99453875414644f,-0.10436705740403904f,0.0004287536228190152f,0.3125f,-0.10436793808851003f,0.9945303619634324f,-0.0040856617624509565f,1.375f,-1.2176876513503127e-16f,-0.0041080970906533214f,-0.9999915617335448f,3.827021247335479e-17f,0f,0f,0f,1f], start_interpolation: 0, interpolation_duration: 1 }
data modify entity @s data merge value {"locators":{"head":{"posx":0,"posy":1.5,"posz":0,"roty":0,"rotx":0}},"cameras":{}}