# This file was generated by Animated Java via MC-Build. It is not recommended to edit this file directly.
$data merge entity $(item_display_mainhand) { transformation: [0.041241755876798805f,0.0442835672395009f,0.9981673623419788f,-0.41024748887256074f,0.680277769143127f,0.7304520792320285f,-0.060513773269040665f,0.7954897290478992f,-0.7317931909917235f,0.6815267607498264f,1.3106556620895767e-16f,0.40783823297985605f,0f,0f,0f,1f], start_interpolation: 0, interpolation_duration: 1 }
$data merge entity $(bone_right_arm) { transformation: [-0.9981673623419788f,0.060432870284628695f,0.0031280895796193106f,-0.3125f,0.06051377326904083f,0.9968328774108008f,0.051597458829349345f,1.375f,-1.2245708696504315e-16f,0.051692191886826805f,-0.9986630649513055f,-3.827021247335479e-17f,0f,0f,0f,1f], start_interpolation: 0, interpolation_duration: 1 }
$data merge entity $(bone_left_arm) { transformation: [-0.9981673623419788f,-0.060432870284628695f,0.0031280895796193106f,0.3125f,-0.06051377326904083f,0.9968328774108008f,-0.051597458829349345f,1.375f,-1.2245708696504315e-16f,-0.051692191886826805f,-0.9986630649513055f,3.827021247335479e-17f,0f,0f,0f,1f], start_interpolation: 0, interpolation_duration: 1 }
data modify entity @s data merge value {"locators":{"head":{"posx":0,"posy":1.5,"posz":0,"roty":0,"rotx":0}},"cameras":{}}