# This file was generated by Animated Java via MC-Build. It is not recommended to edit this file directly.
$data merge entity $(item_display_mainhand) { transformation: [0.06675740702853251f,0.08022540188539957f,0.99453875414644f,-0.4331775622139412f,0.6361419956375741f,0.7644806700534669f,-0.10436793808850986f,0.8238871445471735f,-0.7686786129411118f,0.6396352007253264f,1.2111173459272758e-16f,0.43980711287191826f,0f,0f,0f,1f], start_interpolation: 0, interpolation_duration: 1 }
$data merge entity $(bone_right_arm) { transformation: [-0.99453875414644f,0.10436705740403904f,-0.0004287536228187695f,-0.3125f,0.10436793808851003f,0.9945303619634324f,-0.00408566176245095f,1.375f,-1.217958701893434e-16f,-0.0041080970906532885f,-0.9999915617335448f,-3.827021247335479e-17f,0f,0f,0f,1f], start_interpolation: 0, interpolation_duration: 1 }
$data merge entity $(bone_left_arm) { transformation: [-0.99453875414644f,-0.10436705740403904f,-0.0004287536228187695f,0.3125f,-0.10436793808851003f,0.9945303619634324f,0.00408566176245095f,1.375f,-1.217958701893434e-16f,0.0041080970906532885f,-0.9999915617335448f,3.827021247335479e-17f,0f,0f,0f,1f], start_interpolation: 0, interpolation_duration: 1 }
data modify entity @s data merge value {"locators":{"head":{"posx":0,"posy":1.5,"posz":0,"roty":0,"rotx":0}},"cameras":{}}