# This file was generated by Animated Java via MC-Build. It is not recommended to edit this file directly.
$data merge entity $(item_display_mainhand) { transformation: [0.06612340965902556f,0.08012660779597602f,0.9945890716362082f,-0.4327242056402344f,0.6330475220214979f,0.7671103286233446f,-0.10388733600312153f,0.8256194568873507f,-0.7712836894149296f,0.6364915321058829f,1.2049220055923763e-16f,0.4420926477871183f,0f,0f,0f,1f], start_interpolation: 0, interpolation_duration: 1 }
$data merge entity $(bone_right_arm) { transformation: [-0.9945890716362082f,0.10388385108713019f,-0.0008509201680899058f,-0.3125f,0.1038873360031217f,0.9945557079992717f,-0.008146478026847821f,1.375f,-1.2185624241324629e-16f,-0.008190797847241532f,-0.9999664548526743f,-3.827021247335479e-17f,0f,0f,0f,1f], start_interpolation: 0, interpolation_duration: 1 }
$data merge entity $(bone_left_arm) { transformation: [-0.9945890716362082f,-0.10388385108713019f,-0.0008509201680899058f,0.3125f,-0.1038873360031217f,0.9945557079992717f,0.008146478026847821f,1.375f,-1.2185624241324629e-16f,0.008190797847241532f,-0.9999664548526743f,3.827021247335479e-17f,0f,0f,0f,1f], start_interpolation: 0, interpolation_duration: 1 }
data modify entity @s data merge value {"locators":{"head":{"posx":0,"posy":1.5,"posz":0,"roty":0,"rotx":0}},"cameras":{}}