# This file was generated by Animated Java via MC-Build. It is not recommended to edit this file directly.
$data merge entity $(item_display_mainhand) { transformation: [0.06529449512761414f,0.07977523903982835f,0.9946720766876731f,-0.43209928533877623f,0.6300017528120281f,0.7697209439764131f,-0.10308957201304005f,0.8273008640375384f,-0.7738439250648689f,0.6333763333439273f,1.1977668135242038e-16f,0.4443426801607369f,0f,0f,0f,1f], start_interpolation: 0, interpolation_duration: 1 }
$data merge entity $(bone_right_arm) { transformation: [-0.9946720766876731f,0.10308187101371726f,-0.0012600500558154978f,-0.3125f,0.10308957201304021f,0.994597772673799f,-0.01215774380739501f,1.375f,-1.2181219749168094e-16f,-0.01222286630170732f,-0.9999252979794894f,-3.827021247335479e-17f,0f,0f,0f,1f], start_interpolation: 0, interpolation_duration: 1 }
$data merge entity $(bone_left_arm) { transformation: [-0.9946720766876731f,-0.10308187101371726f,-0.0012600500558154978f,0.3125f,-0.10308957201304021f,0.994597772673799f,0.01215774380739501f,1.375f,-1.2181219749168094e-16f,0.01222286630170732f,-0.9999252979794894f,3.827021247335479e-17f,0f,0f,0f,1f], start_interpolation: 0, interpolation_duration: 1 }
data modify entity @s data merge value {"locators":{"head":{"posx":0,"posy":1.5,"posz":0,"roty":0,"rotx":0}},"cameras":{}}