# This file was generated by Animated Java via MC-Build. It is not recommended to edit this file directly.
$data merge entity $(item_display_mainhand) { transformation: [0.0642786232403913f,0.07917117078439075f,0.99478650187412f,-0.4313082491066043f,0.6270232267760851f,0.7722966123156666f,-0.10197948660907903f,0.8289211328252563f,-0.7763440807255673f,0.6303093433563983f,1.191318015030013e-16f,0.4465436381467903f,0f,0f,0f,1f], start_interpolation: 0, interpolation_duration: 1 }
$data merge entity $(bone_right_arm) { transformation: [-0.99478650187412f,0.10196613802123898f,-0.0016499654799430894f,-0.3125f,0.1019794866090792f,0.9946562894613686f,-0.016095034821048328f,1.375f,-1.2182621053551336e-16f,-0.016179386019740116f,-0.9998691051672836f,-3.827021247335479e-17f,0f,0f,0f,1f], start_interpolation: 0, interpolation_duration: 1 }
$data merge entity $(bone_left_arm) { transformation: [-0.99478650187412f,-0.10196613802123898f,-0.0016499654799430894f,0.3125f,-0.1019794866090792f,0.9946562894613686f,0.016095034821048328f,1.375f,-1.2182621053551336e-16f,0.016179386019740116f,-0.9998691051672836f,3.827021247335479e-17f,0f,0f,0f,1f], start_interpolation: 0, interpolation_duration: 1 }
data modify entity @s data merge value {"locators":{"head":{"posx":0,"posy":1.5,"posz":0,"roty":0,"rotx":0}},"cameras":{}}