# This file was generated by Animated Java via MC-Build. It is not recommended to edit this file directly.
$data merge entity $(item_display_mainhand) { transformation: [0.0630847068323028f,0.07831603577314285f,0.9949306097937998f,-0.4303574424291273f,0.6241300942096157f,0.7748216206370073f,-0.10056381901726769f,0.8304703908435854f,-0.778769507149438f,0.6273101742632756f,1.1850720822799524e-16f,0.4486823798813893f,0f,0f,0f,1f], start_interpolation: 0, interpolation_duration: 1 }
$data merge entity $(bone_right_arm) { transformation: [-0.9949306097937998f,0.1005436319236353f,-0.0020148883200685466f,-0.3125f,0.10056381901726785f,0.9947308882878538f,-0.019934347010112076f,1.375f,-1.218438586657701e-16f,-0.020035916890971395f,-0.9997992608690697f,-3.827021247335479e-17f,0f,0f,0f,1f], start_interpolation: 0, interpolation_duration: 1 }
$data merge entity $(bone_left_arm) { transformation: [-0.9949306097937998f,-0.1005436319236353f,-0.0020148883200685466f,0.3125f,-0.10056381901726785f,0.9947308882878538f,0.019934347010112076f,1.375f,-1.218438586657701e-16f,0.020035916890971395f,-0.9997992608690697f,3.827021247335479e-17f,0f,0f,0f,1f], start_interpolation: 0, interpolation_duration: 1 }
data modify entity @s data merge value {"locators":{"head":{"posx":0,"posy":1.5,"posz":0,"roty":0,"rotx":0}},"cameras":{}}