# This file was generated by Animated Java via MC-Build. It is not recommended to edit this file directly.
$data merge entity $(item_display_mainhand) { transformation: [0.0617224897091646f,0.07721326330428015f,0.995102229036799f,-0.4292540315230793f,0.6213400127762991f,0.777280538002306f,-0.09885116977554698f,0.8319391830208953f,-0.7811062173528325f,0.6243981720126586f,1.1790660085381677e-16f,0.4507462647489107f,0f,0f,0f,1f], start_interpolation: 0, interpolation_duration: 1 }
$data merge entity $(bone_right_arm) { transformation: [-0.995102229036799f,0.09882324291338235f,-0.002349558698281714f,-0.3125f,0.09885116977554714f,0.9948210984962773f,-0.02365223500361065f,1.375f,-1.2186487596143124e-16f,-0.023768648399576618f,-0.9997174857694834f,-3.827021247335479e-17f,0f,0f,0f,1f], start_interpolation: 0, interpolation_duration: 1 }
$data merge entity $(bone_left_arm) { transformation: [-0.995102229036799f,-0.09882324291338235f,-0.002349558698281714f,0.3125f,-0.09885116977554714f,0.9948210984962773f,0.02365223500361065f,1.375f,-1.2186487596143124e-16f,0.023768648399576618f,-0.9997174857694834f,3.827021247335479e-17f,0f,0f,0f,1f], start_interpolation: 0, interpolation_duration: 1 }
data modify entity @s data merge value {"locators":{"head":{"posx":0,"posy":1.5,"posz":0,"roty":0,"rotx":0}},"cameras":{}}