# This file was generated by Animated Java via MC-Build. It is not recommended to edit this file directly.
$data merge entity $(item_display_mainhand) { transformation: [0.060202425627993425f,0.0758681005920888f,0.9952987989850357f,-0.4280059250179852f,0.6186700449732365f,0.779658306384193f,-0.09685195268524728f,0.8333185264570572f,-0.7833409496517589f,0.6215922752083399f,1.171166610022242e-16f,0.45272321843051705f,0f,0f,0f,1f], start_interpolation: 0, interpolation_duration: 1 }
$data merge entity $(bone_right_arm) { transformation: [-0.9952987989850357f,0.09681571013531094f,-0.002649341416438711f,-0.3125f,0.09685195268524745f,0.9949263525301751f,-0.027225949057034723f,1.375f,-1.2167210840272578e-16f,-0.027354548287206414f,-0.9996257943290594f,-3.827021247335479e-17f,0f,0f,0f,1f], start_interpolation: 0, interpolation_duration: 1 }
$data merge entity $(bone_left_arm) { transformation: [-0.9952987989850357f,-0.09681571013531094f,-0.002649341416438711f,0.3125f,-0.09685195268524745f,0.9949263525301751f,0.027225949057034723f,1.375f,-1.2167210840272578e-16f,0.027354548287206414f,-0.9996257943290594f,3.827021247335479e-17f,0f,0f,0f,1f], start_interpolation: 0, interpolation_duration: 1 }
data modify entity @s data merge value {"locators":{"head":{"posx":0,"posy":1.5,"posz":0,"roty":0,"rotx":0}},"cameras":{}}