# This file was generated by Animated Java via MC-Build. It is not recommended to edit this file directly.
$data merge entity $(item_display_mainhand) { transformation: [0.05853556068712404f,0.07428761549054969f,0.9955174224089562f,-0.42662169571085284f,0.6161365575854325f,0.7819403306688723f,-0.09457833620987277f,0.8345999633405258f,-0.7854612215391776f,0.6189108735982776f,1.1679123738380098e-16f,0.4546017916226445f,0f,0f,0f,1f], start_interpolation: 0, interpolation_duration: 1 }
$data merge entity $(bone_right_arm) { transformation: [-0.9955174224089562f,0.09453354817483284f,-0.0029103178012580303f,-0.3125f,0.09457833620987294f,0.9950459902503387f,-0.030633569927369625f,1.375f,-1.2191572248485518e-16f,-0.03077150558876449f,-0.9995264450947762f,-3.827021247335479e-17f,0f,0f,0f,1f], start_interpolation: 0, interpolation_duration: 1 }
$data merge entity $(bone_left_arm) { transformation: [-0.9955174224089562f,-0.09453354817483284f,-0.0029103178012580303f,0.3125f,-0.09457833620987294f,0.9950459902503387f,0.030633569927369625f,1.375f,-1.2191572248485518e-16f,0.03077150558876449f,-0.9995264450947762f,3.827021247335479e-17f,0f,0f,0f,1f], start_interpolation: 0, interpolation_duration: 1 }
data modify entity @s data merge value {"locators":{"head":{"posx":0,"posy":1.5,"posz":0,"roty":0,"rotx":0}},"cameras":{}}