# This file was generated by Animated Java via MC-Build. It is not recommended to edit this file directly.
$data merge entity $(item_display_mainhand) { transformation: [0.05673342130045924f,0.072480679871007f,0.995754924644102f,-0.4251105037269329f,0.6137551235583615f,0.784112567338926f,-0.0920441744328167f,0.835775611725725f,-0.7874553747441217f,0.6163716677351376f,1.164997664077495e-16f,0.4563712124363241f,0f,0f,0f,1f], start_interpolation: 0, interpolation_duration: 1 }
$data merge entity $(bone_right_arm) { transformation: [-0.995754924644102f,0.09199096231573217f,-0.0031293608363951227f,-0.3125f,0.09204417443281687f,0.9951792637946855f,-0.03385414104727918f,1.375f,-1.2216164855455845e-16f,-0.03399846710211265f,-0.9994218850088818f,-3.827021247335479e-17f,0f,0f,0f,1f], start_interpolation: 0, interpolation_duration: 1 }
$data merge entity $(bone_left_arm) { transformation: [-0.995754924644102f,-0.09199096231573217f,-0.0031293608363951227f,0.3125f,-0.09204417443281687f,0.9951792637946855f,0.03385414104727918f,1.375f,-1.2216164855455845e-16f,0.03399846710211265f,-0.9994218850088818f,3.827021247335479e-17f,0f,0f,0f,1f], start_interpolation: 0, interpolation_duration: 1 }
data modify entity @s data merge value {"locators":{"head":{"posx":0,"posy":1.5,"posz":0,"roty":0,"rotx":0}},"cameras":{}}