# This file was generated by Animated Java via MC-Build. It is not recommended to edit this file directly.
$data merge entity $(item_display_mainhand) { transformation: [0.054807909676317684f,0.07045793327003375f,0.9960079179786816f,-0.42348202228154874f,0.6115404267924646f,0.7861616112954883f,-0.08926492773632831f,0.8368382139107654f,-0.7893126119829854f,0.6139915313459927f,1.1581146074773821e-16f,0.4580214326028234f,0f,0f,0f,1f], start_interpolation: 0, interpolation_duration: 1 }
$data merge entity $(bone_right_arm) { transformation: [-0.9960079179786816f,0.08920375350791322f,-0.003304191863588595f,-0.3125f,0.08926492773632848f,0.9953253428909852f,-0.03686779726496936f,1.375f,-1.2197579086780119e-16f,-0.037015566442272455f,-0.9993146890949606f,-3.827021247335479e-17f,0f,0f,0f,1f], start_interpolation: 0, interpolation_duration: 1 }
$data merge entity $(bone_left_arm) { transformation: [-0.9960079179786816f,-0.08920375350791322f,-0.003304191863588595f,0.3125f,-0.08926492773632848f,0.9953253428909852f,0.03686779726496936f,1.375f,-1.2197579086780119e-16f,0.037015566442272455f,-0.9993146890949606f,3.827021247335479e-17f,0f,0f,0f,1f], start_interpolation: 0, interpolation_duration: 1 }
data modify entity @s data merge value {"locators":{"head":{"posx":0,"posy":1.5,"posz":0,"roty":0,"rotx":0}},"cameras":{}}