# This file was generated by Animated Java via MC-Build. It is not recommended to edit this file directly.
$data merge entity $(item_display_mainhand) { transformation: [0.0527712084172115f,0.06823172675255544f,0.9962728697633755f,-0.42174636706784363f,0.6095061704399098f,0.7880747802221738f,-0.0862575734266166f,0.8377811821146753f,-0.7910230260604699f,0.611786377947513f,1.1537949972413305e-16f,0.45954316771373327f,0f,0f,0f,1f], start_interpolation: 0, interpolation_duration: 1 }
$data merge entity $(bone_right_arm) { transformation: [-0.9962728697633755f,0.08618921404197728f,-0.0034334175793818375f,-0.3125f,0.08625757342661676f,0.9954833205376722f,-0.03965588932103411f,1.375f,-1.2200823810330658e-16f,-0.03980424492584322f,-0.9992074970124492f,-3.827021247335479e-17f,0f,0f,0f,1f], start_interpolation: 0, interpolation_duration: 1 }
$data merge entity $(bone_left_arm) { transformation: [-0.9962728697633755f,-0.08618921404197728f,-0.0034334175793818375f,0.3125f,-0.08625757342661676f,0.9954833205376722f,0.03965588932103411f,1.375f,-1.2200823810330658e-16f,0.03980424492584322f,-0.9992074970124492f,3.827021247335479e-17f,0f,0f,0f,1f], start_interpolation: 0, interpolation_duration: 1 }
data modify entity @s data merge value {"locators":{"head":{"posx":0,"posy":1.5,"posz":0,"roty":0,"rotx":0}},"cameras":{}}