# This file was generated by Animated Java via MC-Build. It is not recommended to edit this file directly.
$data merge entity $(item_display_mainhand) { transformation: [0.050635695510711225f,0.06581604726195098f,0.9965461726698663f,-0.41991403009770456f,0.6076649893568338f,0.7898401958452851f,-0.08304050660395093f,0.8385986411143364f,-0.7925776220977386f,0.6097710332164806f,1.149894553363323e-16f,0.46092793181123537f,0f,0f,0f,1f], start_interpolation: 0, interpolation_duration: 1 }
$data merge entity $(bone_right_arm) { transformation: [-0.9965461726698663f,0.08296601495521919f,-0.003516546529080792f,-0.3125f,0.0830405066039511f,0.9956522189781615f,-0.042201103146983304f,1.375f,-1.2204170805626972e-16f,-0.042347363628843705f,-0.999102948045739f,-3.827021247335479e-17f,0f,0f,0f,1f], start_interpolation: 0, interpolation_duration: 1 }
$data merge entity $(bone_left_arm) { transformation: [-0.9965461726698663f,-0.08296601495521919f,-0.003516546529080792f,0.3125f,-0.0830405066039511f,0.9956522189781615f,0.042201103146983304f,1.375f,-1.2204170805626972e-16f,0.042347363628843705f,-0.999102948045739f,3.827021247335479e-17f,0f,0f,0f,1f], start_interpolation: 0, interpolation_duration: 1 }
data modify entity @s data merge value {"locators":{"head":{"posx":0,"posy":1.5,"posz":0,"roty":0,"rotx":0}},"cameras":{}}