# This file was generated by Animated Java via MC-Build. It is not recommended to edit this file directly.
$data merge entity $(item_display_mainhand) { transformation: [0.048413870603033184f,0.0632264230469172f,0.9968242154772952f,-0.41799581860405843f,0.6060283674280649f,0.7914468614091532f,-0.07963343166079792f,0.8392854674674712f,-0.7939683337550101f,0.6079591145745682f,1.1486032644041845e-16f,0.4621680667143865f,0f,0f,0f,1f], start_interpolation: 0, interpolation_duration: 1 }
$data merge entity $(bone_right_arm) { transformation: [-0.9968242154772952f,0.07955408619397783f,-0.0035539847940229564f,-0.3125f,0.07963343166079809f,0.9958309959077594f,-0.04448757299836784f,1.375f,-1.222925989141812e-16f,-0.04462930605780527f,-0.9990036161299911f,-3.827021247335479e-17f,0f,0f,0f,1f], start_interpolation: 0, interpolation_duration: 1 }
$data merge entity $(bone_left_arm) { transformation: [-0.9968242154772952f,-0.07955408619397783f,-0.0035539847940229564f,0.3125f,-0.07963343166079809f,0.9958309959077594f,0.04448757299836784f,1.375f,-1.222925989141812e-16f,0.04462930605780527f,-0.9990036161299911f,3.827021247335479e-17f,0f,0f,0f,1f], start_interpolation: 0, interpolation_duration: 1 }
data modify entity @s data merge value {"locators":{"head":{"posx":0,"posy":1.5,"posz":0,"roty":0,"rotx":0}},"cameras":{}}