# This file was generated by Animated Java via MC-Build. It is not recommended to edit this file directly.
$data merge entity $(item_display_mainhand) { transformation: [0.04611829304705016f,0.06047981105875703f,0.9971034527573974f,-0.4160027993790476f,0.604606560530776f,0.7928847346644204f,-0.0760572448835516f,0.8398373249225201f,-0.7951880343727333f,0.6063629193729022f,1.1412664878451015e-16f,0.4632567665178957f,0f,0f,0f,1f], start_interpolation: 0, interpolation_duration: 1 }
$data merge entity $(bone_right_arm) { transformation: [-0.9971034527573974f,0.07597449053298337f,-0.0035470110699265256f,-0.3125f,0.07605724488355177f,0.9960185508679221f,-0.046500987384009616f,1.375f,-1.21893114749315e-16f,-0.04663607096677423f,-0.9989119465121948f,-3.827021247335479e-17f,0f,0f,0f,1f], start_interpolation: 0, interpolation_duration: 1 }
$data merge entity $(bone_left_arm) { transformation: [-0.9971034527573974f,-0.07597449053298337f,-0.0035470110699265256f,0.3125f,-0.07605724488355177f,0.9960185508679221f,0.046500987384009616f,1.375f,-1.21893114749315e-16f,0.04663607096677423f,-0.9989119465121948f,3.827021247335479e-17f,0f,0f,0f,1f], start_interpolation: 0, interpolation_duration: 1 }
data modify entity @s data merge value {"locators":{"head":{"posx":0,"posy":1.5,"posz":0,"roty":0,"rotx":0}},"cameras":{}}