# This file was generated by Animated Java via MC-Build. It is not recommended to edit this file directly.
$data merge entity $(item_display_mainhand) { transformation: [0.043761531806913834f,0.05759446749758532f,0.9973804718599528f,-0.41394624868184815f,0.6034085259340581f,0.7941447956623963f,-0.07233390873178315f,0.8402506956018032f,-0.7962305439783126f,0.6049933229681138f,1.140910959768863e-16f,0.464188097729816f,0f,0f,0f,1f], start_interpolation: 0, interpolation_duration: 1 }
$data merge entity $(bone_right_arm) { transformation: [-0.9973804718599528f,0.07224929220730954f,-0.0034977318308811343f,-0.3125f,0.07233390873178332f,0.9962137317986663f,-0.04822868672643785f,1.375f,-1.221438802395368e-16f,-0.04835535493942363f,-0.9988301956031778f,-3.827021247335479e-17f,0f,0f,0f,1f], start_interpolation: 0, interpolation_duration: 1 }
$data merge entity $(bone_left_arm) { transformation: [-0.9973804718599528f,-0.07224929220730954f,-0.0034977318308811343f,0.3125f,-0.07233390873178332f,0.9962137317986663f,0.04822868672643785f,1.375f,-1.221438802395368e-16f,0.04835535493942363f,-0.9988301956031778f,3.827021247335479e-17f,0f,0f,0f,1f], start_interpolation: 0, interpolation_duration: 1 }
data modify entity @s data merge value {"locators":{"head":{"posx":0,"posy":1.5,"posz":0,"roty":0,"rotx":0}},"cameras":{}}