# This file was generated by Animated Java via MC-Build. It is not recommended to edit this file directly.
$data merge entity $(item_display_mainhand) { transformation: [0.04135612689476742f,0.05458980294768856f,0.9976520556699096f,-0.4118376076100663f,0.602441858939383f,0.7952191086612904f,-0.06848631847021393f,0.8405229065432485f,-0.7970906330938312f,0.6038596878696867f,1.1367082604922083e-16f,0.46495701552329693f,0f,0f,0f,1f], start_interpolation: 0, interpolation_duration: 1 }
$data merge entity $(bone_right_arm) { transformation: [-0.9976520556699096f,0.0684014211516177f,-0.003409017753343971f,-0.3125f,0.0684863184702141f,0.9964153417347695f,-0.049659751690669614f,1.375f,-1.2196029922939608e-16f,-0.049776624433779934f,-0.9987603754955332f,-3.827021247335479e-17f,0f,0f,0f,1f], start_interpolation: 0, interpolation_duration: 1 }
$data merge entity $(bone_left_arm) { transformation: [-0.9976520556699096f,-0.0684014211516177f,-0.003409017753343971f,0.3125f,-0.0684863184702141f,0.9964153417347695f,0.049659751690669614f,1.375f,-1.2196029922939608e-16f,0.049776624433779934f,-0.9987603754955332f,3.827021247335479e-17f,0f,0f,0f,1f], start_interpolation: 0, interpolation_duration: 1 }
data modify entity @s data merge value {"locators":{"head":{"posx":0,"posy":1.5,"posz":0,"roty":0,"rotx":0}},"cameras":{}}