# This file was generated by Animated Java via MC-Build. It is not recommended to edit this file directly.
$data merge entity $(item_display_mainhand) { transformation: [0.03891456162363307f,0.05148622377762725f,0.9979152397146566f,-0.4096884425978843f,0.601712737549827f,0.7961008774803942f,-0.06453816192950834f,0.8406521511996455f,-0.7977640242351954f,0.6029697850108797f,1.139511273705408e-16f,0.4655593765652576f,0f,0f,0f,1f], start_interpolation: 0, interpolation_duration: 1 }
$data merge entity $(bone_right_arm) { transformation: [-0.9979152397146566f,0.0644545336700863f,-0.0032844230256120844f,-0.3125f,0.06453816192950851f,0.9966221456435956f,-0.05078508115102596f,1.375f,-1.2242621084818888e-16f,-0.05089117705582631f,-0.9987042045059551f,-3.827021247335479e-17f,0f,0f,0f,1f], start_interpolation: 0, interpolation_duration: 1 }
$data merge entity $(bone_left_arm) { transformation: [-0.9979152397146566f,-0.0644545336700863f,-0.0032844230256120844f,0.3125f,-0.06453816192950851f,0.9966221456435956f,0.05078508115102596f,1.375f,-1.2242621084818888e-16f,0.05089117705582631f,-0.9987042045059551f,3.827021247335479e-17f,0f,0f,0f,1f], start_interpolation: 0, interpolation_duration: 1 }
data modify entity @s data merge value {"locators":{"head":{"posx":0,"posy":1.5,"posz":0,"roty":0,"rotx":0}},"cameras":{}}