# This file was generated by Animated Java via MC-Build. It is not recommended to edit this file directly.
$data merge entity $(item_display_mainhand) { transformation: [0.0364492445967075f,0.048304961687038496f,0.9981673623419788f,-0.407510410490394f,0.6012258759125604f,0.7967844936856626f,-0.060513773269040665f,0.8406375055235799f,-0.7982473919165061f,0.6023297280547393f,1.1341492685213443e-16f,0.4659919488525362f,0f,0f,0f,1f], start_interpolation: 0, interpolation_duration: 1 }
$data merge entity $(bone_right_arm) { transformation: [-0.9981673623419788f,0.06043287028462871f,-0.003128089579619065f,-0.3125f,0.06051377326904083f,0.9968328774108008f,-0.05159745882934933f,1.375f,-1.2202340609604895e-16f,-0.05169219188682678f,-0.9986630649513055f,-3.827021247335479e-17f,0f,0f,0f,1f], start_interpolation: 0, interpolation_duration: 1 }
$data merge entity $(bone_left_arm) { transformation: [-0.9981673623419788f,-0.06043287028462871f,-0.003128089579619065f,0.3125f,-0.06051377326904083f,0.9968328774108008f,0.05159745882934933f,1.375f,-1.2202340609604895e-16f,0.05169219188682678f,-0.9986630649513055f,3.827021247335479e-17f,0f,0f,0f,1f], start_interpolation: 0, interpolation_duration: 1 }
data modify entity @s data merge value {"locators":{"head":{"posx":0,"posy":1.5,"posz":0,"roty":0,"rotx":0}},"cameras":{}}