# This file was generated by Animated Java via MC-Build. It is not recommended to edit this file directly.
$data merge entity $(item_display_mainhand) { transformation: [0.0339725000285138f,0.045067893457510305f,0.9984061068628913f,-0.40531522745438486f,0.6009844872096848f,0.7972655770534856f,-0.05643798170456544f,0.8404789383106932f,-0.7985383618681853f,0.6019439214950801f,1.1358063986831742e-16f,0.46625241893541636f,0f,0f,0f,1f], start_interpolation: 0, interpolation_duration: 1 }
$data merge entity $(bone_right_arm) { transformation: [-0.9984061068628913f,0.0563611114346083f,-0.0029446386434583004f,-0.3125f,0.056437981704565605f,0.9970462469840718f,-0.052091607731881734f,1.375f,-1.22269484301881e-16f,-0.052174768737702985f,-0.9986379691896194f,-3.827021247335479e-17f,0f,0f,0f,1f], start_interpolation: 0, interpolation_duration: 1 }
$data merge entity $(bone_left_arm) { transformation: [-0.9984061068628913f,-0.0563611114346083f,-0.0029446386434583004f,0.3125f,-0.056437981704565605f,0.9970462469840718f,0.052091607731881734f,1.375f,-1.22269484301881e-16f,0.052174768737702985f,-0.9986379691896194f,3.827021247335479e-17f,0f,0f,0f,1f], start_interpolation: 0, interpolation_duration: 1 }
data modify entity @s data merge value {"locators":{"head":{"posx":0,"posy":1.5,"posz":0,"roty":0,"rotx":0}},"cameras":{}}