# This file was generated by Animated Java via MC-Build. It is not recommended to edit this file directly.
$data merge entity $(item_display_mainhand) { transformation: [0.046579045107653795f,0.05020725420158651f,0.9976520556699096f,-0.4148204981442424f,0.6785250125979945f,0.7313777624875452f,-0.06848631847021393f,0.7970706238139125f,-0.7330990382177232f,0.6801219009591217f,1.3068345327856554e-16f,0.4089583130352945f,0f,0f,0f,1f], start_interpolation: 0, interpolation_duration: 1 }
$data merge entity $(bone_right_arm) { transformation: [-0.9976520556699096f,0.0684014211516177f,0.0034090177533442154f,-0.3125f,0.0684863184702141f,0.9964153417347695f,0.049659751690669614f,1.375f,-1.2239398009839028e-16f,0.04977662443377995f,-0.9987603754955332f,-3.827021247335479e-17f,0f,0f,0f,1f], start_interpolation: 0, interpolation_duration: 1 }
$data merge entity $(bone_left_arm) { transformation: [-0.9976520556699096f,-0.0684014211516177f,0.0034090177533442154f,0.3125f,-0.0684863184702141f,0.9964153417347695f,-0.049659751690669614f,1.375f,-1.2239398009839028e-16f,-0.04977662443377995f,-0.9987603754955332f,3.827021247335479e-17f,0f,0f,0f,1f], start_interpolation: 0, interpolation_duration: 1 }
data modify entity @s data merge value {"locators":{"head":{"posx":0,"posy":1.5,"posz":0,"roty":0,"rotx":0}},"cameras":{}}