# This file was generated by Animated Java via MC-Build. It is not recommended to edit this file directly.
$data merge entity $(item_display_mainhand) { transformation: [0.03149656471803181f,0.041797353107896125f,0.9986295347545738f,-0.40311464082799825f,0.6009902565786429f,0.7975410078370099f,-0.05233595624294367f,0.8401773155326563f,-0.7986355100472929f,0.6018150231520483f,1.137979992161134e-16f,0.4663393968417819f,0f,0f,0f,1f], start_interpolation: 0, interpolation_duration: 1 }
$data merge entity $(bone_right_arm) { transformation: [-0.9986295347545738f,0.05226423163382674f,-0.0027390523158632085f,-0.3125f,0.052335956242943835f,0.9972609476841366f,-0.05226423163382673f,1.375f,-1.2251368676161704e-16f,-0.05233595624294382f,-0.9986295347545738f,-3.827021247335479e-17f,0f,0f,0f,1f], start_interpolation: 0, interpolation_duration: 1 }
$data merge entity $(bone_left_arm) { transformation: [-0.9986295347545738f,-0.05226423163382674f,-0.0027390523158632085f,0.3125f,-0.052335956242943835f,0.9972609476841366f,0.05226423163382673f,1.375f,-1.2251368676161704e-16f,0.05233595624294382f,-0.9986295347545738f,3.827021247335479e-17f,0f,0f,0f,1f], start_interpolation: 0, interpolation_duration: 1 }
data modify entity @s data merge value {"locators":{"head":{"posx":0,"posy":1.5,"posz":0,"roty":0,"rotx":0}},"cameras":{}}