# This file was generated by Animated Java via MC-Build. It is not recommended to edit this file directly.
$data merge entity $(item_display_mainhand) { transformation: [0.029033589776970837f,0.038515938763981045f,0.9988361092420477f,-0.4009204028908617f,0.6012433245280465f,0.7976089504489365f,-0.04823304753183399f,0.8397343984623235f,-0.7985383618681853f,0.6019439214950801f,1.136332999720434e-16f,0.46625241893541636f,0f,0f,0f,1f], start_interpolation: 0, interpolation_duration: 1 }
$data merge entity $(bone_right_arm) { transformation: [-0.9988361092420477f,0.04816735263501726f,-0.0025165481004879612f,-0.3125f,0.048233047531834154f,0.9974756636867393f,-0.05211404300657088f,1.375f,-1.2232214440560698e-16f,-0.052174768737702985f,-0.9986379691896194f,-3.827021247335479e-17f,0f,0f,0f,1f], start_interpolation: 0, interpolation_duration: 1 }
$data merge entity $(bone_left_arm) { transformation: [-0.9988361092420477f,-0.04816735263501726f,-0.0025165481004879612f,0.3125f,-0.048233047531834154f,0.9974756636867393f,0.05211404300657088f,1.375f,-1.2232214440560698e-16f,0.052174768737702985f,-0.9986379691896194f,3.827021247335479e-17f,0f,0f,0f,1f], start_interpolation: 0, interpolation_duration: 1 }
data modify entity @s data merge value {"locators":{"head":{"posx":0,"posy":1.5,"posz":0,"roty":0,"rotx":0}},"cameras":{}}