# This file was generated by Animated Java via MC-Build. It is not recommended to edit this file directly.
$data merge entity $(item_display_mainhand) { transformation: [0.026595645064829507f,0.03524631662777207f,0.9990247088174348f,-0.39874424545704534f,0.6017422811819706f,0.7974688682736643f,-0.0441546279821215f,0.8391528354743676f,-0.7982473919165061f,0.6023297280547392f,1.137367619483243e-16f,0.4659919488525362f,0f,0f,0f,1f], start_interpolation: 0, interpolation_duration: 1 }
$data merge entity $(bone_right_arm) { transformation: [-0.9990247088174348f,0.04409559611241031f,-0.002282449502343163f,-0.3125f,0.044154627982121664f,0.997689077669705f,-0.051641776947872114f,1.375f,-1.2234524119223882e-16f,-0.0516921918868268f,-0.9986630649513055f,-3.827021247335479e-17f,0f,0f,0f,1f], start_interpolation: 0, interpolation_duration: 1 }
$data merge entity $(bone_left_arm) { transformation: [-0.9990247088174348f,-0.04409559611241031f,-0.002282449502343163f,0.3125f,-0.044154627982121664f,0.997689077669705f,0.051641776947872114f,1.375f,-1.2234524119223882e-16f,0.0516921918868268f,-0.9986630649513055f,3.827021247335479e-17f,0f,0f,0f,1f], start_interpolation: 0, interpolation_duration: 1 }
data modify entity @s data merge value {"locators":{"head":{"posx":0,"posy":1.5,"posz":0,"roty":0,"rotx":0}},"cameras":{}}