# This file was generated by Animated Java via MC-Build. It is not recommended to edit this file directly.
$data merge entity $(item_display_mainhand) { transformation: [0.024194724201295256f,0.03201102447237491f,0.9991946305065156f,-0.39659785415845356f,0.6024841715405391f,0.797121529427077f,-0.040125931353025605f,0.8384361474921068f,-0.7977640242351954f,0.6029697850108797f,1.1389096711985457e-16f,0.4655593765652576f,0f,0f,0f,1f], start_interpolation: 0, interpolation_duration: 1 }
$data merge entity $(bone_right_arm) { transformation: [-0.9991946305065156f,0.04007393635198417f,-0.0020420558770166456f,-0.3125f,0.04012593135302577f,0.9978998786066314f,-0.05085019085433806f,1.375f,-1.2236605059750265e-16f,-0.05089117705582633f,-0.9987042045059551f,-3.827021247335479e-17f,0f,0f,0f,1f], start_interpolation: 0, interpolation_duration: 1 }
$data merge entity $(bone_left_arm) { transformation: [-0.9991946305065156f,-0.04007393635198417f,-0.0020420558770166456f,0.3125f,-0.04012593135302577f,0.9978998786066314f,0.05085019085433806f,1.375f,-1.2236605059750265e-16f,0.05089117705582633f,-0.9987042045059551f,3.827021247335479e-17f,0f,0f,0f,1f], start_interpolation: 0, interpolation_duration: 1 }
data modify entity @s data merge value {"locators":{"head":{"posx":0,"posy":1.5,"posz":0,"roty":0,"rotx":0}},"cameras":{}}