# This file was generated by Animated Java via MC-Build. It is not recommended to edit this file directly.
$data merge entity $(item_display_mainhand) { transformation: [0.02184274801856719f,0.028832277094121755f,0.9993455829474432f,-0.3944928412975138f,0.6034645117925932f,0.7965690033911014f,-0.03617189300319842f,0.8375887071417001f,-0.7970906330938312f,0.6038596878696867f,1.1409506375968797e-16f,0.46495701552329693f,0f,0f,0f,1f], start_interpolation: 0, interpolation_duration: 1 }
$data merge entity $(bone_right_arm) { transformation: [-0.9993455829474432f,0.03612705343825888f,-0.0018005147330789663f,-0.3125f,0.036171893003198584f,0.9981067696743909f,-0.04974404976193177f,1.375f,-1.2238453693986323e-16f,-0.04977662443377995f,-0.9987603754955332f,-3.827021247335479e-17f,0f,0f,0f,1f], start_interpolation: 0, interpolation_duration: 1 }
$data merge entity $(bone_left_arm) { transformation: [-0.9993455829474432f,-0.03612705343825888f,-0.0018005147330789663f,0.3125f,-0.036171893003198584f,0.9981067696743909f,0.04974404976193177f,1.375f,-1.2238453693986323e-16f,0.04977662443377995f,-0.9987603754955332f,3.827021247335479e-17f,0f,0f,0f,1f], start_interpolation: 0, interpolation_duration: 1 }
data modify entity @s data merge value {"locators":{"head":{"posx":0,"posy":1.5,"posz":0,"roty":0,"rotx":0}},"cameras":{}}