# This file was generated by Animated Java via MC-Build. It is not recommended to edit this file directly.
$data merge entity $(item_display_mainhand) { transformation: [0.019551564381656176f,0.025731776124169752f,0.999477669599339f,-0.39244071620503485f,0.6046773165633307f,0.795814648559258f,-0.032316992005358966f,0.8366157117647277f,-0.7962305439783126f,0.6049933229681138f,1.1445634884400669e-16f,0.464188097729816f,0f,0f,0f,1f], start_interpolation: 0, interpolation_duration: 1 }
$data merge entity $(bone_right_arm) { transformation: [-0.999477669599339f,0.0322791874460192f,-0.0015626996189935347f,-0.3125f,0.03231699200535913f,0.9983084762269161f,-0.04833009746750404f,1.375f,-1.2250913310665719e-16f,-0.048355354939423646f,-0.9988301956031778f,-3.827021247335479e-17f,0f,0f,0f,1f], start_interpolation: 0, interpolation_duration: 1 }
$data merge entity $(bone_left_arm) { transformation: [-0.999477669599339f,-0.0322791874460192f,-0.0015626996189935347f,0.3125f,-0.03231699200535913f,0.9983084762269161f,0.04833009746750404f,1.375f,-1.2250913310665719e-16f,0.048355354939423646f,-0.9988301956031778f,3.827021247335479e-17f,0f,0f,0f,1f], start_interpolation: 0, interpolation_duration: 1 }
data modify entity @s data merge value {"locators":{"head":{"posx":0,"posy":1.5,"posz":0,"roty":0,"rotx":0}},"cameras":{}}