# This file was generated by Animated Java via MC-Build. It is not recommended to edit this file directly.
$data merge entity $(item_display_mainhand) { transformation: [0.01733294244152173f,0.0227305265371827f,0.9995913626425857f,-0.3904528521400063f,0.6061151368318956f,0.7948630908357198f,-0.028585096297523104f,0.8355231505257875f,-0.7951880343727333f,0.6063629193729022f,1.1464817030675355e-16f,0.4632567665178957f,0f,0f,0f,1f], start_interpolation: 0, interpolation_duration: 1 }
$data merge entity $(bone_right_arm) { transformation: [-0.9995913626425857f,0.028553994183797508f,-0.0013330965795232492f,-0.3125f,0.02858509629752327f,0.9985037537740825f,-0.04661701372597421f,1.375f,-1.224146362715584e-16f,-0.04663607096677425f,-0.9989119465121948f,-3.827021247335479e-17f,0f,0f,0f,1f], start_interpolation: 0, interpolation_duration: 1 }
$data merge entity $(bone_left_arm) { transformation: [-0.9995913626425857f,-0.028553994183797508f,-0.0013330965795232492f,0.3125f,-0.02858509629752327f,0.9985037537740825f,0.04661701372597421f,1.375f,-1.224146362715584e-16f,0.04663607096677425f,-0.9989119465121948f,3.827021247335479e-17f,0f,0f,0f,1f], start_interpolation: 0, interpolation_duration: 1 }
data modify entity @s data merge value {"locators":{"head":{"posx":0,"posy":1.5,"posz":0,"roty":0,"rotx":0}},"cameras":{}}