# This file was generated by Animated Java via MC-Build. It is not recommended to edit this file directly.
$data merge entity $(item_display_mainhand) { transformation: [0.015198559589617579f,0.019848662095129675f,0.9996874683617046f,-0.38854044890945205f,0.6077691081164736f,0.793720193530907f,-0.024999312001848996f,0.8343177659298067f,-0.7939683337550101f,0.6079591145745682f,1.1488571313667693e-16f,0.4621680667143865f,0f,0f,0f,1f], start_interpolation: 0, interpolation_duration: 1 }
$data merge entity $(bone_right_arm) { transformation: [-0.9996874683617046f,0.024974403090609207f,-0.001115701946564969f,-0.3125f,0.024999312001849162f,0.998691395893179f,-0.04461535798766706f,1.375f,-1.223179856104397e-16f,-0.04462930605780529f,-0.9990036161299911f,-3.827021247335479e-17f,0f,0f,0f,1f], start_interpolation: 0, interpolation_duration: 1 }
$data merge entity $(bone_left_arm) { transformation: [-0.9996874683617046f,-0.024974403090609207f,-0.001115701946564969f,0.3125f,-0.024999312001849162f,0.998691395893179f,0.04461535798766706f,1.375f,-1.223179856104397e-16f,0.04462930605780529f,-0.9990036161299911f,3.827021247335479e-17f,0f,0f,0f,1f], start_interpolation: 0, interpolation_duration: 1 }
data modify entity @s data merge value {"locators":{"head":{"posx":0,"posy":1.5,"posz":0,"roty":0,"rotx":0}},"cameras":{}}