# This file was generated by Animated Java via MC-Build. It is not recommended to edit this file directly.
$data merge entity $(item_display_mainhand) { transformation: [0.013159979646421523f,0.017105281830126516f,0.9997670850099125f,-0.38671449056332474f,0.6096290084023235f,0.7923930188887441f,-0.021581837984339585f,0.8330070101314563f,-0.7925776220977386f,0.6097710332164806f,1.1543811344371376e-16f,0.46092793181123537f,0f,0f,0f,1f], start_interpolation: 0, interpolation_duration: 1 }
$data merge entity $(bone_right_arm) { transformation: [-0.9997670850099125f,0.021562477954399355f,-0.0009139339409015048f,-0.3125f,0.02158183798433975f,0.9988702419924985f,-0.042337500293063886f,1.375f,-1.224903661636512e-16f,-0.04234736362884373f,-0.999102948045739f,-3.827021247335479e-17f,0f,0f,0f,1f], start_interpolation: 0, interpolation_duration: 1 }
$data merge entity $(bone_left_arm) { transformation: [-0.9997670850099125f,-0.021562477954399355f,-0.0009139339409015048f,0.3125f,-0.02158183798433975f,0.9988702419924985f,0.042337500293063886f,1.375f,-1.224903661636512e-16f,0.04234736362884373f,-0.999102948045739f,3.827021247335479e-17f,0f,0f,0f,1f], start_interpolation: 0, interpolation_duration: 1 }
data modify entity @s data merge value {"locators":{"head":{"posx":0,"posy":1.5,"posz":0,"roty":0,"rotx":0}},"cameras":{}}