# This file was generated by Animated Java via MC-Build. It is not recommended to edit this file directly.
$data merge entity $(item_display_mainhand) { transformation: [0.011228621132276868f,0.014518299502415762f,0.9998315543365422f,-0.3849856977256763f,0.6116833251851852f,0.7908897816620347f,-0.01835382665751364f,0.8315989964741972f,-0.7910230260604699f,0.611786377947513f,1.1581531289130342e-16f,0.45954316771373327f,0f,0f,0f,1f], start_interpolation: 0, interpolation_duration: 1 }
$data merge entity $(bone_right_arm) { transformation: [-0.9998315543365422f,0.018339281195054742f,-0.0007305602116020275f,-0.3125f,0.018353826657513807f,0.9990391848426828f,-0.03979754007339825f,1.375f,-1.2244405127047694e-16f,-0.039804244925843224f,-0.9992074970124492f,-3.827021247335479e-17f,0f,0f,0f,1f], start_interpolation: 0, interpolation_duration: 1 }
$data merge entity $(bone_left_arm) { transformation: [-0.9998315543365422f,-0.018339281195054742f,-0.0007305602116020275f,0.3125f,-0.018353826657513807f,0.9990391848426828f,0.03979754007339825f,1.375f,-1.2244405127047694e-16f,0.039804244925843224f,-0.9992074970124492f,3.827021247335479e-17f,0f,0f,0f,1f], start_interpolation: 0, interpolation_duration: 1 }
data modify entity @s data merge value {"locators":{"head":{"posx":0,"posy":1.5,"posz":0,"roty":0,"rotx":0}},"cameras":{}}