# This file was generated by Animated Java via MC-Build. It is not recommended to edit this file directly.
$data merge entity $(item_display_mainhand) { transformation: [0.04912036787204773f,0.05309787013179193f,0.9973804718599528f,-0.41700676403386927f,0.6772991608654856f,0.7321431911439805f,-0.07233390873178314f,0.79805059471617f,-0.7340660979442f,0.6790780248608964f,1.299798240676902e-16f,0.4097883234229644f,0f,0f,0f,1f], start_interpolation: 0, interpolation_duration: 1 }
$data merge entity $(bone_right_arm) { transformation: [-0.9973804718599528f,0.07224929220730952f,0.003497731830881378f,-0.3125f,0.0723339087317833f,0.9962137317986663f,0.04822868672643785f,1.375f,-1.219270398050397e-16f,0.048355354939423646f,-0.9988301956031778f,-3.827021247335479e-17f,0f,0f,0f,1f], start_interpolation: 0, interpolation_duration: 1 }
$data merge entity $(bone_left_arm) { transformation: [-0.9973804718599528f,-0.07224929220730952f,0.003497731830881378f,0.3125f,-0.0723339087317833f,0.9962137317986663f,-0.04822868672643785f,1.375f,-1.219270398050397e-16f,-0.048355354939423646f,-0.9988301956031778f,3.827021247335479e-17f,0f,0f,0f,1f], start_interpolation: 0, interpolation_duration: 1 }
data modify entity @s data merge value {"locators":{"head":{"posx":0,"posy":1.5,"posz":0,"roty":0,"rotx":0}},"cameras":{}}