# This file was generated by Animated Java via MC-Build. It is not recommended to edit this file directly.
$data merge entity $(item_display_mainhand) { transformation: [0.007732250205744773f,0.00987845856989719f,0.9999213110855467f,-0.38186084894355865f,0.6163231661177038f,0.7873934107355026f,-0.012544785249712883f,0.8285266345985118f,-0.7874553747441217f,0.6163716677351376f,1.16793161155205e-16f,0.4563712124363241f,0f,0f,0f,1f], start_interpolation: 0, interpolation_duration: 1 }
$data merge entity $(bone_right_arm) { transformation: [-0.9999213110855467f,0.012537532921299837f,-0.00042650346861531534f,-0.3125f,0.01254478524971305f,0.9993432415856696f,-0.03399579179964335f,1.375f,-1.2245504330201395e-16f,-0.0339984671021127f,-0.9994218850088818f,-3.827021247335479e-17f,0f,0f,0f,1f], start_interpolation: 0, interpolation_duration: 1 }
$data merge entity $(bone_left_arm) { transformation: [-0.9999213110855467f,-0.012537532921299837f,-0.00042650346861531534f,0.3125f,-0.01254478524971305f,0.9993432415856696f,0.03399579179964335f,1.375f,-1.2245504330201395e-16f,0.0339984671021127f,-0.9994218850088818f,3.827021247335479e-17f,0f,0f,0f,1f], start_interpolation: 0, interpolation_duration: 1 }
data modify entity @s data merge value {"locators":{"head":{"posx":0,"posy":1.5,"posz":0,"roty":0,"rotx":0}},"cameras":{}}