# This file was generated by Animated Java via MC-Build. It is not recommended to edit this file directly.
$data merge entity $(item_display_mainhand) { transformation: [0.00618891076642412f,0.00785436097176677f,0.9999500019487226f,-0.38048441050439014f,0.6188799292606832f,0.7854219500087468f,-0.009999680132362852f,0.8268813258227264f,-0.7854612215391776f,0.6189108735982775f,1.1736117687264723e-16f,0.4546017916226445f,0f,0f,0f,1f], start_interpolation: 0, interpolation_duration: 1 }
$data merge entity $(bone_right_arm) { transformation: [-0.9999500019487226f,0.009994944734785674f,-0.0003077052130787436f,-0.3125f,0.009999680132363018f,0.9994764707203213f,-0.030769967073450196f,1.375f,-1.2248566197370143e-16f,-0.030771505588764504f,-0.9995264450947762f,-3.827021247335479e-17f,0f,0f,0f,1f], start_interpolation: 0, interpolation_duration: 1 }
$data merge entity $(bone_left_arm) { transformation: [-0.9999500019487226f,-0.009994944734785674f,-0.0003077052130787436f,0.3125f,-0.009999680132363018f,0.9994764707203213f,0.030769967073450196f,1.375f,-1.2248566197370143e-16f,0.030771505588764504f,-0.9995264450947762f,3.827021247335479e-17f,0f,0f,0f,1f], start_interpolation: 0, interpolation_duration: 1 }
data modify entity @s data merge value {"locators":{"head":{"posx":0,"posy":1.5,"posz":0,"roty":0,"rotx":0}},"cameras":{}}