# This file was generated by Animated Java via MC-Build. It is not recommended to edit this file directly.
$data merge entity $(item_display_mainhand) { transformation: [0.0047959986294628925f,0.006043997441365757f,0.9999702338030242f,-0.3792442397602277f,0.6215737727702375f,0.7833176325707524f,-0.007715666395396118f,0.8251767157051789f,-0.7833409496517589f,0.6215922752083399f,1.1789203467929275e-16f,0.45272321843051705f,0f,0f,0f,1f], start_interpolation: 0, interpolation_duration: 1 }
$data merge entity $(bone_right_arm) { transformation: [-0.9999702338030242f,0.007712779149276044f,-0.00021105856898072102f,-0.3125f,0.007715666395396285f,0.9995960392707633f,-0.02735373404633391f,1.375f,-1.2244748207979434e-16f,-0.027354548287206407f,-0.9996257943290594f,-3.827021247335479e-17f,0f,0f,0f,1f], start_interpolation: 0, interpolation_duration: 1 }
$data merge entity $(bone_left_arm) { transformation: [-0.9999702338030242f,-0.007712779149276044f,-0.00021105856898072102f,0.3125f,-0.007715666395396285f,0.9995960392707633f,0.02735373404633391f,1.375f,-1.2244748207979434e-16f,0.027354548287206407f,-0.9996257943290594f,3.827021247335479e-17f,0f,0f,0f,1f], start_interpolation: 0, interpolation_duration: 1 }
data modify entity @s data merge value {"locators":{"head":{"posx":0,"posy":1.5,"posz":0,"roty":0,"rotx":0}},"cameras":{}}