# This file was generated by Animated Java via MC-Build. It is not recommended to edit this file directly.
$data merge entity $(item_display_mainhand) { transformation: [0.0025002374192132286f,0.00310390097690336f,0.9999920572742431f,-0.3772060433802636f,0.6273051917105971f,0.778763321596815f,-0.0039856478051698485f,0.8216321296514911f,-0.778769507149438f,0.6273101742632756f,1.19133833037171e-16f,0.4486823798813893f,0f,0f,0f,1f], start_interpolation: 0, interpolation_duration: 1 }
$data merge entity $(bone_right_arm) { transformation: [-0.9999920572742431f,0.003984847729693413f,-0.00007985610818094654f,-0.3125f,0.003985647805170015f,0.9997913197377287f,-0.020035757751178242f,1.375f,-1.2247048347494588e-16f,-0.020035916890971398f,-0.9997992608690697f,-3.827021247335479e-17f,0f,0f,0f,1f], start_interpolation: 0, interpolation_duration: 1 }
$data merge entity $(bone_left_arm) { transformation: [-0.9999920572742431f,-0.003984847729693413f,-0.00007985610818094654f,0.3125f,-0.003985647805170015f,0.9997913197377287f,0.020035757751178242f,1.375f,-1.2247048347494588e-16f,0.020035916890971398f,-0.9997992608690697f,3.827021247335479e-17f,0f,0f,0f,1f], start_interpolation: 0, interpolation_duration: 1 }
data modify entity @s data merge value {"locators":{"head":{"posx":0,"posy":1.5,"posz":0,"roty":0,"rotx":0}},"cameras":{}}