# This file was generated by Animated Java via MC-Build. It is not recommended to edit this file directly.
$data merge entity $(item_display_mainhand) { transformation: [0.0016152761113324252f,0.0019895152451535367f,0.9999967163506955f,-0.376422969265668f,0.6303072736415614f,0.7763415314838666f,-0.002562672009161387f,0.8198141002953256f,-0.7763440807255673f,0.6303093433563983f,1.197664806193732e-16f,0.4465436381467903f,0f,0f,0f,1f], start_interpolation: 0, interpolation_duration: 1 }
$data merge entity $(bone_right_arm) { transformation: [-0.9999967163506955f,0.0025623365686376098f,-0.00004146245967808538f,-0.3125f,0.0025626720091615537f,0.9998658219477918f,-0.01617933289231049f,1.375f,-1.2246088965188528e-16f,-0.01617938601974014f,-0.9998691051672836f,-3.827021247335479e-17f,0f,0f,0f,1f], start_interpolation: 0, interpolation_duration: 1 }
$data merge entity $(bone_left_arm) { transformation: [-0.9999967163506955f,-0.0025623365686376098f,-0.00004146245967808538f,0.3125f,-0.0025626720091615537f,0.9998658219477918f,0.01617933289231049f,1.375f,-1.2246088965188528e-16f,0.01617938601974014f,-0.9998691051672836f,3.827021247335479e-17f,0f,0f,0f,1f], start_interpolation: 0, interpolation_duration: 1 }
data modify entity @s data merge value {"locators":{"head":{"posx":0,"posy":1.5,"posz":0,"roty":0,"rotx":0}},"cameras":{}}