# This file was generated by Animated Java via MC-Build. It is not recommended to edit this file directly.
$data merge entity $(item_display_mainhand) { transformation: [0.051552629286647784f,0.055919861524417344f,0.9971034527573974f,-0.41910643406523346f,0.6758502065009087f,0.7331042176071575f,-0.0760572448835516f,0.7991489609615116f,-0.7352338572089241f,0.6778135253989016f,1.3009326158311403e-16f,0.4107911866802747f,0f,0f,0f,1f], start_interpolation: 0, interpolation_duration: 1 }
$data merge entity $(bone_right_arm) { transformation: [-0.9971034527573974f,0.07597449053298337f,0.003547011069926771f,-0.3125f,0.07605724488355177f,0.9960185508679221f,0.04650098738400962f,1.375f,-1.223267956183092e-16f,0.04663607096677425f,-0.9989119465121948f,-3.827021247335479e-17f,0f,0f,0f,1f], start_interpolation: 0, interpolation_duration: 1 }
$data merge entity $(bone_left_arm) { transformation: [-0.9971034527573974f,-0.07597449053298337f,0.003547011069926771f,0.3125f,-0.07605724488355177f,0.9960185508679221f,-0.04650098738400962f,1.375f,-1.223267956183092e-16f,-0.04663607096677425f,-0.9989119465121948f,3.827021247335479e-17f,0f,0f,0f,1f], start_interpolation: 0, interpolation_duration: 1 }
data modify entity @s data merge value {"locators":{"head":{"posx":0,"posy":1.5,"posz":0,"roty":0,"rotx":0}},"cameras":{}}