# This file was generated by Animated Java via MC-Build. It is not recommended to edit this file directly.
$data merge entity $(item_display_mainhand) { transformation: [0.0009434018115684695f,0.0010967927781058973f,0.9999989535187643f,-0.3758213828090303f,0.6521021685493483f,0.7581297176683296f,-0.0014467070802950302f,0.8072855292698433f,-0.7581305110376836f,0.6521028509627456f,1.2450006789700632e-16f,0.43059195557131613f,0f,0f,0f,1f], start_interpolation: 0, interpolation_duration: 1 }
$data merge entity $(bone_right_arm) { transformation: [-0.9999989535187643f,0.0014465990083532103f,0.000017682907220304056f,-0.3125f,0.0014467070802951967f,0.999924251576428f,0.012222853510707128f,1.375f,-1.2246455175774575e-16f,0.01222286630170736f,-0.9999252979794894f,-3.827021247335479e-17f,0f,0f,0f,1f], start_interpolation: 0, interpolation_duration: 1 }
$data merge entity $(bone_left_arm) { transformation: [-0.9999989535187643f,-0.0014465990083532103f,0.000017682907220304056f,0.3125f,-0.0014467070802951967f,0.999924251576428f,-0.012222853510707128f,1.375f,-1.2246455175774575e-16f,-0.01222286630170736f,-0.9999252979794894f,3.827021247335479e-17f,0f,0f,0f,1f], start_interpolation: 0, interpolation_duration: 1 }
data modify entity @s data merge value {"locators":{"head":{"posx":0,"posy":1.5,"posz":0,"roty":0,"rotx":0}},"cameras":{}}