# This file was generated by Animated Java via MC-Build. It is not recommended to edit this file directly.
$data merge entity $(item_display_mainhand) { transformation: [0.001678800285001489f,0.0019362121344569682f,0.9999967163506955f,-0.3764592489178864f,0.6550954497526145f,0.7555417820515244f,-0.0025626720091613798f,0.8056571840145539f,-0.7555442629939182f,0.6550976008633959f,1.251586868161864e-16f,0.4283418288745827f,0f,0f,0f,1f], start_interpolation: 0, interpolation_duration: 1 }
$data merge entity $(bone_right_arm) { transformation: [-0.9999967163506955f,0.002562336568637598f,0.000041462459678330106f,-0.3125f,0.0025626720091615463f,0.9998658219477918f,0.01617933289231047f,1.375f,-1.224642777836743e-16f,0.01617938601974012f,-0.9998691051672836f,-3.827021247335479e-17f,0f,0f,0f,1f], start_interpolation: 0, interpolation_duration: 1 }
$data merge entity $(bone_left_arm) { transformation: [-0.9999967163506955f,-0.002562336568637598f,0.000041462459678330106f,0.3125f,-0.0025626720091615463f,0.9998658219477918f,-0.01617933289231047f,1.375f,-1.224642777836743e-16f,-0.01617938601974012f,-0.9998691051672836f,3.827021247335479e-17f,0f,0f,0f,1f], start_interpolation: 0, interpolation_duration: 1 }
data modify entity @s data merge value {"locators":{"head":{"posx":0,"posy":1.5,"posz":0,"roty":0,"rotx":0}},"cameras":{}}