# This file was generated by Animated Java via MC-Build. It is not recommended to edit this file directly.
$data merge entity $(item_display_mainhand) { transformation: [0.002622584075055662f,0.0030012399431102034f,0.9999920572742431f,-0.377275917474922f,0.6580017534885333f,0.7530058479305382f,-0.003985647805169856f,0.8041008416192102f,-0.7530118288969867f,0.6580069798575203f,1.2580035764914274e-16f,0.42614197337904647f,0f,0f,0f,1f], start_interpolation: 0, interpolation_duration: 1 }
$data merge entity $(bone_right_arm) { transformation: [-0.9999920572742431f,0.003984847729693416f,0.00007985610818119165f,-0.3125f,0.003985647805170023f,0.9997913197377287f,0.020035757751178267f,1.375f,-1.2246370721136784e-16f,0.020035916890971422f,-0.9997992608690697f,-3.827021247335479e-17f,0f,0f,0f,1f], start_interpolation: 0, interpolation_duration: 1 }
$data merge entity $(bone_left_arm) { transformation: [-0.9999920572742431f,-0.003984847729693416f,0.00007985610818119165f,0.3125f,-0.003985647805170023f,0.9997913197377287f,-0.020035757751178267f,1.375f,-1.2246370721136784e-16f,-0.020035916890971422f,-0.9997992608690697f,3.827021247335479e-17f,0f,0f,0f,1f], start_interpolation: 0, interpolation_duration: 1 }
data modify entity @s data merge value {"locators":{"head":{"posx":0,"posy":1.5,"posz":0,"roty":0,"rotx":0}},"cameras":{}}