# This file was generated by Animated Java via MC-Build. It is not recommended to edit this file directly.
$data merge entity $(item_display_mainhand) { transformation: [0.003771168233176874f,0.004283278363993306f,0.9999837157757189f,-0.378267525091341f,0.6608030932255398f,0.7505376098505471f,-0.005706854070884848f,0.8026261355837695f,-0.7505498319723451f,0.6608138540665476f,1.2642096078003554e-16f,0.42400653529938703f,0f,0f,0f,1f], start_interpolation: 0, interpolation_duration: 1 }
$data merge entity $(bone_right_arm) { transformation: [-0.9999837157757189f,0.0057052418033985055f,0.0001356442078786809f,-0.3125f,0.005706854070885015f,0.9997012061457273f,0.02376826134557523f,1.375f,-1.2246268567242107e-16f,0.02376864839957663f,-0.9997174857694834f,-3.827021247335479e-17f,0f,0f,0f,1f], start_interpolation: 0, interpolation_duration: 1 }
$data merge entity $(bone_left_arm) { transformation: [-0.9999837157757189f,-0.0057052418033985055f,0.0001356442078786809f,0.3125f,-0.005706854070885015f,0.9997012061457273f,-0.02376826134557523f,1.375f,-1.2246268567242107e-16f,-0.02376864839957663f,-0.9997174857694834f,3.827021247335479e-17f,0f,0f,0f,1f], start_interpolation: 0, interpolation_duration: 1 }
data modify entity @s data merge value {"locators":{"head":{"posx":0,"posy":1.5,"posz":0,"roty":0,"rotx":0}},"cameras":{}}