# This file was generated by Animated Java via MC-Build. It is not recommended to edit this file directly.
$data merge entity $(item_display_mainhand) { transformation: [0.00511935911734374f,0.005772665775247652f,0.9999702338030242f,-0.379428916008086f,0.6634821246997344f,0.7481523499234638f,-0.007715666395396141f,0.8012421984146367f,-0.748174620236582f,0.6635018746272284f,1.27016482007452e-16f,0.4219493516074098f,0f,0f,0f,1f], start_interpolation: 0, interpolation_duration: 1 }
$data merge entity $(bone_right_arm) { transformation: [-0.9999702338030242f,0.00771277914927606f,0.00021105856898096661f,-0.3125f,0.007715666395396307f,0.9995960392707633f,0.02735373404633393f,1.375f,-1.224610346069504e-16f,0.027354548287206428f,-0.9996257943290594f,-3.827021247335479e-17f,0f,0f,0f,1f], start_interpolation: 0, interpolation_duration: 1 }
$data merge entity $(bone_left_arm) { transformation: [-0.9999702338030242f,-0.00771277914927606f,0.00021105856898096661f,0.3125f,-0.007715666395396307f,0.9995960392707633f,-0.02735373404633393f,1.375f,-1.224610346069504e-16f,-0.027354548287206428f,-0.9996257943290594f,3.827021247335479e-17f,0f,0f,0f,1f], start_interpolation: 0, interpolation_duration: 1 }
data modify entity @s data merge value {"locators":{"head":{"posx":0,"posy":1.5,"posz":0,"roty":0,"rotx":0}},"cameras":{}}