# This file was generated by Animated Java via MC-Build. It is not recommended to edit this file directly.
$data merge entity $(item_display_mainhand) { transformation: [0.0066603425036197185f,0.007458782774960652f,0.9999500019487226f,-0.38075365256583416f,0.6660222538438241f,0.7458648428381937f,-0.009999680132362836f,0.7999576046334574f,-0.7459021364914618f,0.6660555553236327f,1.2755593696613134e-16f,0.4199838478352845f,0f,0f,0f,1f], start_interpolation: 0, interpolation_duration: 1 }
$data merge entity $(bone_right_arm) { transformation: [-0.9999500019487226f,0.009994944734785651f,0.00030770521307898775f,-0.3125f,0.009999680132363003f,0.9994764707203213f,0.03076996707345018f,1.375f,-1.2243145186507715e-16f,0.030771505588764486f,-0.9995264450947762f,-3.827021247335479e-17f,0f,0f,0f,1f], start_interpolation: 0, interpolation_duration: 1 }
$data merge entity $(bone_left_arm) { transformation: [-0.9999500019487226f,-0.009994944734785651f,0.00030770521307898775f,0.3125f,-0.009999680132363003f,0.9994764707203213f,-0.03076996707345018f,1.375f,-1.2243145186507715e-16f,-0.030771505588764486f,-0.9995264450947762f,3.827021247335479e-17f,0f,0f,0f,1f], start_interpolation: 0, interpolation_duration: 1 }
data modify entity @s data merge value {"locators":{"head":{"posx":0,"posy":1.5,"posz":0,"roty":0,"rotx":0}},"cameras":{}}