# This file was generated by Animated Java via MC-Build. It is not recommended to edit this file directly.
$data merge entity $(item_display_mainhand) { transformation: [0.00838569142995241f,0.009330156279668503f,0.9999213110855467f,-0.38223403947859713f,0.6684077409127969f,0.7436892632349147f,-0.012544785249712868f,0.7987803167738239f,-0.7437477879409748f,0.6684603413314112f,1.2811692544882292e-16f,0.41812293694644737f,0f,0f,0f,1f], start_interpolation: 0, interpolation_duration: 1 }
$data merge entity $(bone_right_arm) { transformation: [-0.9999213110855467f,0.012537532921299815f,0.0004265034686155595f,-0.3125f,0.012544785249713034f,0.9993432415856696f,0.03399579179964334f,1.375f,-1.2245504330201395e-16f,0.03399846710211269f,-0.9994218850088818f,-3.827021247335479e-17f,0f,0f,0f,1f], start_interpolation: 0, interpolation_duration: 1 }
$data merge entity $(bone_left_arm) { transformation: [-0.9999213110855467f,-0.012537532921299815f,0.0004265034686155595f,0.3125f,-0.012544785249713034f,0.9993432415856696f,-0.03399579179964334f,1.375f,-1.2245504330201395e-16f,-0.03399846710211269f,-0.9994218850088818f,3.827021247335479e-17f,0f,0f,0f,1f], start_interpolation: 0, interpolation_duration: 1 }
data modify entity @s data merge value {"locators":{"head":{"posx":0,"posy":1.5,"posz":0,"roty":0,"rotx":0}},"cameras":{}}