# This file was generated by Animated Java via MC-Build. It is not recommended to edit this file directly.
$data merge entity $(item_display_mainhand) { transformation: [0.05385889120781462f,0.05865750826569238f,0.9968242154772952f,-0.42110555529882865f,0.6741872835945641f,0.7342547399924007f,-0.07963343166079791f,0.8003588410938993f,-0.7365940038292789f,0.6763351783862439f,1.2950803095344684e-16f,0.4119600973993556f,0f,0f,0f,1f], start_interpolation: 0, interpolation_duration: 1 }
$data merge entity $(bone_right_arm) { transformation: [-0.9968242154772952f,0.07955408619397782f,0.0035539847940232005f,-0.3125f,0.07963343166079807f,0.9958309959077594f,0.04448757299836784f,1.375f,-1.220757584796841e-16f,0.04462930605780528f,-0.9990036161299911f,-3.827021247335479e-17f,0f,0f,0f,1f], start_interpolation: 0, interpolation_duration: 1 }
$data merge entity $(bone_left_arm) { transformation: [-0.9968242154772952f,-0.07955408619397782f,0.0035539847940232005f,0.3125f,-0.07963343166079807f,0.9958309959077594f,-0.04448757299836784f,1.375f,-1.220757584796841e-16f,-0.04462930605780528f,-0.9990036161299911f,3.827021247335479e-17f,0f,0f,0f,1f], start_interpolation: 0, interpolation_duration: 1 }
data modify entity @s data merge value {"locators":{"head":{"posx":0,"posy":1.5,"posz":0,"roty":0,"rotx":0}},"cameras":{}}