# This file was generated by Animated Java via MC-Build. It is not recommended to edit this file directly.
$data merge entity $(item_display_mainhand) { transformation: [0.010285394415046372f,0.01137455994704796f,0.9998824081099427f,-0.38386116200944365f,0.6706238001154504f,0.7416390960342171f,-0.015335251946481127f,0.7977176347397713f,-0.7417263170337423f,0.6707026693100009f,1.2861460918162186e-16f,0.4163789203552669f,0f,0f,0f,1f], start_interpolation: 0, interpolation_duration: 1 }
$data merge entity $(bone_right_arm) { transformation: [-0.9998824081099427f,0.015324742531090839f,0.0005676430373340888f,-0.3125f,0.015335251946481294f,0.9991971777919079f,0.03701121371185297f,1.375f,-1.2245027906155889e-16f,0.037015566442272455f,-0.9993146890949606f,-3.827021247335479e-17f,0f,0f,0f,1f], start_interpolation: 0, interpolation_duration: 1 }
$data merge entity $(bone_left_arm) { transformation: [-0.9998824081099427f,-0.015324742531090839f,0.0005676430373340888f,0.3125f,-0.015335251946481294f,0.9991971777919079f,-0.03701121371185297f,1.375f,-1.2245027906155889e-16f,-0.037015566442272455f,-0.9993146890949606f,3.827021247335479e-17f,0f,0f,0f,1f], start_interpolation: 0, interpolation_duration: 1 }
data modify entity @s data merge value {"locators":{"head":{"posx":0,"posy":1.5,"posz":0,"roty":0,"rotx":0}},"cameras":{}}