# This file was generated by Animated Java via MC-Build. It is not recommended to edit this file directly.
$data merge entity $(item_display_mainhand) { transformation: [0.012347904313200184f,0.013579109398120098f,0.9998315543365422f,-0.3856249379108282f,0.6726566940312484f,0.7397270503516669f,-0.018353826657513665f,0.7967761489099738f,-0.7398516751579493f,0.6727700192234909f,1.2907278964965046e-16f,0.41476339217215963f,0f,0f,0f,1f], start_interpolation: 0, interpolation_duration: 1 }
$data merge entity $(bone_right_arm) { transformation: [-0.9998315543365422f,0.01833928119505476f,0.0007305602116022737f,-0.3125f,0.018353826657513832f,0.9990391848426828f,0.03979754007339827f,1.375f,-1.2244405127047694e-16f,0.039804244925843245f,-0.9992074970124492f,-3.827021247335479e-17f,0f,0f,0f,1f], start_interpolation: 0, interpolation_duration: 1 }
$data merge entity $(bone_left_arm) { transformation: [-0.9998315543365422f,-0.01833928119505476f,0.0007305602116022737f,0.3125f,-0.018353826657513832f,0.9990391848426828f,-0.03979754007339827f,1.375f,-1.2244405127047694e-16f,-0.039804244925843245f,-0.9992074970124492f,3.827021247335479e-17f,0f,0f,0f,1f], start_interpolation: 0, interpolation_duration: 1 }
data modify entity @s data merge value {"locators":{"head":{"posx":0,"posy":1.5,"posz":0,"roty":0,"rotx":0}},"cameras":{}}