# This file was generated by Animated Java via MC-Build. It is not recommended to edit this file directly.
$data merge entity $(item_display_mainhand) { transformation: [0.014560207680032546f,0.015930351003559388f,0.9997670850099125f,-0.38751418276161365f,0.6744938220724228f,0.7379649776617808f,-0.021581837984339568f,0.7959616973750253f,-0.7381369008107163f,0.6746509583937096f,1.2943419866634007e-16f,0.41328714772878616f,0f,0f,0f,1f], start_interpolation: 0, interpolation_duration: 1 }
$data merge entity $(bone_right_arm) { transformation: [-0.9997670850099125f,0.02156247795439933f,0.0009139339409017484f,-0.3125f,0.021581837984339734f,0.9988702419924985f,0.042337500293063865f,1.375f,-1.2238194594640264e-16f,0.04234736362884371f,-0.999102948045739f,-3.827021247335479e-17f,0f,0f,0f,1f], start_interpolation: 0, interpolation_duration: 1 }
$data merge entity $(bone_left_arm) { transformation: [-0.9997670850099125f,-0.02156247795439933f,0.0009139339409017484f,0.3125f,-0.021581837984339734f,0.9988702419924985f,-0.042337500293063865f,1.375f,-1.2238194594640264e-16f,-0.04234736362884371f,-0.999102948045739f,3.827021247335479e-17f,0f,0f,0f,1f], start_interpolation: 0, interpolation_duration: 1 }
data modify entity @s data merge value {"locators":{"head":{"posx":0,"posy":1.5,"posz":0,"roty":0,"rotx":0}},"cameras":{}}