# This file was generated by Animated Java via MC-Build. It is not recommended to edit this file directly.
$data merge entity $(item_display_mainhand) { transformation: [0.016907914142303998f,0.018414343320419278f,0.9996874683617046f,-0.38951668811269646f,0.6761238022449061f,0.7363637948985035f,-0.024999312001848996f,0.7952793276905981f,-0.7365940038292789f,0.6763351783862439f,1.2996709851869957e-16f,0.4119600973993555f,0f,0f,0f,1f], start_interpolation: 0, interpolation_duration: 1 }
$data merge entity $(bone_right_arm) { transformation: [-0.9996874683617046f,0.024974403090609193f,0.0011157019465652136f,-0.3125f,0.024999312001849162f,0.998691395893179f,0.04461535798766706f,1.375f,-1.225348260449368e-16f,0.04462930605780529f,-0.9990036161299911f,-3.827021247335479e-17f,0f,0f,0f,1f], start_interpolation: 0, interpolation_duration: 1 }
$data merge entity $(bone_left_arm) { transformation: [-0.9996874683617046f,-0.024974403090609193f,0.0011157019465652136f,0.3125f,-0.024999312001849162f,0.998691395893179f,-0.04461535798766706f,1.375f,-1.225348260449368e-16f,-0.04462930605780529f,-0.9990036161299911f,3.827021247335479e-17f,0f,0f,0f,1f], start_interpolation: 0, interpolation_duration: 1 }
data modify entity @s data merge value {"locators":{"head":{"posx":0,"posy":1.5,"posz":0,"roty":0,"rotx":0}},"cameras":{}}