# This file was generated by Animated Java via MC-Build. It is not recommended to edit this file directly.
$data merge entity $(item_display_mainhand) { transformation: [0.021945759100444648f,0.023722808218667756f,0.999477669599339f,-0.39380807837165427f,0.6787233217640908f,0.7336826729051492f,-0.03231699200535898f,0.7943268764806617f,-0.7340660979442f,0.6790780248608964f,1.3034507693481058e-16f,0.4097883234229644f,0f,0f,0f,1f], start_interpolation: 0, interpolation_duration: 1 }
$data merge entity $(bone_right_arm) { transformation: [-0.999477669599339f,0.0322791874460192f,0.0015626996189937801f,-0.3125f,0.032316992005359146f,0.9983084762269161f,0.04833009746750404f,1.375f,-1.2229229267216008e-16f,0.04835535493942366f,-0.9988301956031778f,-3.827021247335479e-17f,0f,0f,0f,1f], start_interpolation: 0, interpolation_duration: 1 }
$data merge entity $(bone_left_arm) { transformation: [-0.999477669599339f,-0.0322791874460192f,0.0015626996189937801f,0.3125f,-0.032316992005359146f,0.9983084762269161f,-0.04833009746750404f,1.375f,-1.2229229267216008e-16f,-0.04835535493942366f,-0.9988301956031778f,3.827021247335479e-17f,0f,0f,0f,1f], start_interpolation: 0, interpolation_duration: 1 }
data modify entity @s data merge value {"locators":{"head":{"posx":0,"posy":1.5,"posz":0,"roty":0,"rotx":0}},"cameras":{}}