# This file was generated by Animated Java via MC-Build. It is not recommended to edit this file directly.
$data merge entity $(item_display_mainhand) { transformation: [0.024601296630625356f,0.026517579971159135f,0.9993455829474432f,-0.39606829168895796f,0.6796768175893166f,0.7326192857059005f,-0.03617189300319842f,0.7940626636000099f,-0.7330990382177232f,0.6801219009591217f,1.3067401012003848e-16f,0.4089583130352945f,0f,0f,0f,1f], start_interpolation: 0, interpolation_duration: 1 }
$data merge entity $(bone_right_arm) { transformation: [-0.9993455829474432f,0.036127053438258866f,0.0018005147330792109f,-0.3125f,0.036171893003198584f,0.9981067696743909f,0.04974404976193177f,1.375f,-1.2238453693986323e-16f,0.04977662443377996f,-0.9987603754955332f,-3.827021247335479e-17f,0f,0f,0f,1f], start_interpolation: 0, interpolation_duration: 1 }
$data merge entity $(bone_left_arm) { transformation: [-0.9993455829474432f,-0.036127053438258866f,0.0018005147330792109f,0.3125f,-0.036171893003198584f,0.9981067696743909f,-0.04974404976193177f,1.375f,-1.2238453693986323e-16f,-0.04977662443377996f,-0.9987603754955332f,3.827021247335479e-17f,0f,0f,0f,1f], start_interpolation: 0, interpolation_duration: 1 }
data modify entity @s data merge value {"locators":{"head":{"posx":0,"posy":1.5,"posz":0,"roty":0,"rotx":0}},"cameras":{}}