# This file was generated by Animated Java via MC-Build. It is not recommended to edit this file directly.
$data merge entity $(item_display_mainhand) { transformation: [0.027323335315549535f,0.029385808040306983f,0.9991946305065156f,-0.3983846530508432f,0.6803911838115495f,0.7317497841643485f,-0.040125931353025605f,0.793942230494561f,-0.7323395881274973f,0.6809395917856793f,1.3084113407515073e-16f,0.408306802377453f,0f,0f,0f,1f], start_interpolation: 0, interpolation_duration: 1 }
$data merge entity $(bone_right_arm) { transformation: [-0.9991946305065156f,0.040073936351984155f,0.00204205587701689f,-0.3125f,0.04012593135302577f,0.9978998786066314f,0.05085019085433806f,1.375f,-1.2236605059750265e-16f,0.050891177055826346f,-0.9987042045059551f,-3.827021247335479e-17f,0f,0f,0f,1f], start_interpolation: 0, interpolation_duration: 1 }
$data merge entity $(bone_left_arm) { transformation: [-0.9991946305065156f,-0.040073936351984155f,0.00204205587701689f,0.3125f,-0.04012593135302577f,0.9978998786066314f,-0.05085019085433806f,1.375f,-1.2236605059750265e-16f,-0.050891177055826346f,-0.9987042045059551f,3.827021247335479e-17f,0f,0f,0f,1f], start_interpolation: 0, interpolation_duration: 1 }
data modify entity @s data merge value {"locators":{"head":{"posx":0,"posy":1.5,"posz":0,"roty":0,"rotx":0}},"cameras":{}}