# This file was generated by Animated Java via MC-Build. It is not recommended to edit this file directly.
$data merge entity $(item_display_mainhand) { transformation: [0.03009256058076898f,0.0323120561080891f,0.9990247088174349f,-0.4007413887715957f,0.6808620737093849f,0.731079479545088f,-0.04415462798212147f,0.7939662806449794f,-0.7317931909917235f,0.6815267607498264f,1.3117056087065044e-16f,0.40783823297985605f,0f,0f,0f,1f], start_interpolation: 0, interpolation_duration: 1 }
$data merge entity $(bone_right_arm) { transformation: [-0.9990247088174349f,0.04409559611241027f,0.0022824495023434054f,-0.3125f,0.044154627982121636f,0.997689077669705f,0.0516417769478721f,1.375f,-1.2256208162673592e-16f,0.0516921918868268f,-0.9986630649513055f,-3.827021247335479e-17f,0f,0f,0f,1f], start_interpolation: 0, interpolation_duration: 1 }
$data merge entity $(bone_left_arm) { transformation: [-0.9990247088174349f,-0.04409559611241027f,0.0022824495023434054f,0.3125f,-0.044154627982121636f,0.997689077669705f,-0.0516417769478721f,1.375f,-1.2256208162673592e-16f,-0.0516921918868268f,-0.9986630649513055f,3.827021247335479e-17f,0f,0f,0f,1f], start_interpolation: 0, interpolation_duration: 1 }
data modify entity @s data merge value {"locators":{"head":{"posx":0,"posy":1.5,"posz":0,"roty":0,"rotx":0}},"cameras":{}}