# This file was generated by Animated Java via MC-Build. It is not recommended to edit this file directly.
$data merge entity $(item_display_mainhand) { transformation: [0.032889165153411844f,0.035280726887633146f,0.9988361092420477f,-0.40312238247878873f,0.6810866706353406f,0.7306124281783462f,-0.04823304753183397f,0.794134610831574f,-0.7314637721024732f,0.6818803048201505f,1.3101098883917057e-16f,0.4075558041055005f,0f,0f,0f,1f], start_interpolation: 0, interpolation_duration: 1 }
$data merge entity $(bone_right_arm) { transformation: [-0.9988361092420477f,0.04816735263501722f,0.0025165481004882045f,-0.3125f,0.04823304753183413f,0.9974756636867393f,0.052114043006570875f,1.375f,-1.2232214440560698e-16f,0.05217476873770299f,-0.9986379691896194f,-3.827021247335479e-17f,0f,0f,0f,1f], start_interpolation: 0, interpolation_duration: 1 }
$data merge entity $(bone_left_arm) { transformation: [-0.9988361092420477f,-0.04816735263501722f,0.0025165481004882045f,0.3125f,-0.04823304753183413f,0.9974756636867393f,-0.052114043006570875f,1.375f,-1.2232214440560698e-16f,-0.05217476873770299f,-0.9986379691896194f,3.827021247335479e-17f,0f,0f,0f,1f], start_interpolation: 0, interpolation_duration: 1 }
data modify entity @s data merge value {"locators":{"head":{"posx":0,"posy":1.5,"posz":0,"roty":0,"rotx":0}},"cameras":{}}