# This file was generated by Animated Java via MC-Build. It is not recommended to edit this file directly.
$data merge entity $(item_display_mainhand) { transformation: [0.05602335736585474f,0.06129526218639212f,0.9965461726698663f,-0.4229910083106504f,0.6723208304753086f,0.7355875034093161f,-0.0830405066039509f,0.8016726758607259f,-0.7381369008107163f,0.6746509583937096f,1.2909396077620715e-16f,0.41328714772878616f,0f,0f,0f,1f], start_interpolation: 0, interpolation_duration: 1 }
$data merge entity $(bone_right_arm) { transformation: [-0.9965461726698663f,0.08296601495521916f,0.0035165465290810365f,-0.3125f,0.08304050660395107f,0.9956522189781615f,0.04220110314698332f,1.375f,-1.2204170805626972e-16f,0.04234736362884373f,-0.999102948045739f,-3.827021247335479e-17f,0f,0f,0f,1f], start_interpolation: 0, interpolation_duration: 1 }
$data merge entity $(bone_left_arm) { transformation: [-0.9965461726698663f,-0.08296601495521916f,0.0035165465290810365f,0.3125f,-0.08304050660395107f,0.9956522189781615f,-0.04220110314698332f,1.375f,-1.2204170805626972e-16f,-0.04234736362884373f,-0.999102948045739f,3.827021247335479e-17f,0f,0f,0f,1f], start_interpolation: 0, interpolation_duration: 1 }
data modify entity @s data merge value {"locators":{"head":{"posx":0,"posy":1.5,"posz":0,"roty":0,"rotx":0}},"cameras":{}}