# This file was generated by Animated Java via MC-Build. It is not recommended to edit this file directly.
$data merge entity $(item_display_mainhand) { transformation: [0.05803150933239662f,0.06381781019474207f,0.9962728697633755f,-0.42475060744980286f,0.6702625177425487f,0.7370941516088508f,-0.08625757342661658f,0.8030822789587705f,-0.7398516751579493f,0.6727700192234909f,1.286369764824801e-16f,0.41476339217215963f,0f,0f,0f,1f], start_interpolation: 0, interpolation_duration: 1 }
$data merge entity $(bone_right_arm) { transformation: [-0.9962728697633755f,0.08618921404197727f,0.0034334175793820816f,-0.3125f,0.08625757342661675f,0.9954833205376722f,0.03965588932103411f,1.375f,-1.2200823810330658e-16f,0.039804244925843245f,-0.9992074970124492f,-3.827021247335479e-17f,0f,0f,0f,1f], start_interpolation: 0, interpolation_duration: 1 }
$data merge entity $(bone_left_arm) { transformation: [-0.9962728697633755f,-0.08618921404197727f,0.0034334175793820816f,0.3125f,-0.08625757342661675f,0.9954833205376722f,-0.03965588932103411f,1.375f,-1.2200823810330658e-16f,-0.039804244925843245f,-0.9992074970124492f,3.827021247335479e-17f,0f,0f,0f,1f], start_interpolation: 0, interpolation_duration: 1 }
data modify entity @s data merge value {"locators":{"head":{"posx":0,"posy":1.5,"posz":0,"roty":0,"rotx":0}},"cameras":{}}